0	2
1	2
2	2
3	2
4	2
5	2
6	2
7	2
8	2
9	3
10	3
11	3
12	3
13	3
14	3
15	3
16	3
17	3
18	4
19	4
20	4
21	4
22	4
23	4
24	4
25	4
26	5
27	5
28	5
29	5
30	5
31	5
32	5
33	5
34	5
35	5
36	5
37	5
38	5
39	5
40	5
41	5
42	5
43	6
44	6
45	6
46	6
47	7
48	7
49	7
50	7
51	7
52	7
53	7
54	7
55	7
56	8
57	8
58	8
59	8
60	7
61	7
62	7
63	7
64	7
65	7
66	7
67	7
68	7
69	7
70	7
71	7
72	7
73	7
74	7
75	7
76	8
77	7
78	7
79	7
80	7
81	7
82	7
83	7
84	8
85	8
86	8
87	8
88	8
89	8
90	8
91	8
92	8
93	8
94	8
95	8
96	8
97	8
98	8
99	9
100	9
101	9
102	9
103	9
104	9
105	9
106	9
107	9
108	9
109	9
110	9
111	9
112	9
113	9
114	9
115	9
116	9
117	9
118	9
119	9
120	9
121	9
122	9
123	9
124	9
125	9
126	9
127	9
128	9
129	8
130	8
131	8
132	8
133	8
134	8
135	9
136	8
137	8
138	8
139	8
140	8
141	8
142	8
143	8
144	8
145	8
146	8
147	8
148	8
149	8
150	8
151	8
152	8
153	8
154	8
155	8
156	8
157	8
158	8
159	8
160	8
161	8
162	8
163	8
164	8
165	8
166	8
167	8
168	8
169	8
170	9
171	9
172	8
173	8
174	8
175	8
176	8
177	8
178	8
179	8
180	8
181	9
182	9
183	9
184	9
185	9
186	9
187	9
188	9
189	9
190	9
191	9
192	9
193	9
194	8
195	8
196	8
197	8
198	8
199	8
200	8
201	8
202	8
203	8
204	8
205	8
206	8
207	8
208	8
209	8
210	8
211	8
212	8
213	8
214	9
215	8
216	8
217	8
218	8
219	8
220	8
221	8
222	8
223	8
224	8
225	8
226	8
227	8
228	8
229	9
230	8
231	8
232	8
233	8
234	8
235	8
236	8
237	8
238	8
239	8
240	8
241	8
242	8
243	8
244	8
245	8
246	8
247	8
248	9
249	9
250	9
251	9
252	9
253	9
254	9
255	9
256	9
257	9
258	9
259	9
260	9
261	9
262	9
263	9
264	9
265	9
266	9
267	10
268	10
269	10
270	10
271	9
272	9
273	9
274	9
275	9
276	9
277	9
278	9
279	9
280	9
281	9
282	9
283	9
284	9
285	9
286	9
287	9
288	9
289	9
290	9
291	9
292	9
293	9
294	9
295	9
296	9
297	9
298	9
299	9
300	9
301	9
302	9
303	9
304	10
305	10
306	9
307	9
308	9
309	9
310	9
311	9
312	9
313	9
314	9
315	9
316	9
317	9
318	9
319	9
320	9
321	10
322	10
323	10
324	10
325	10
326	10
327	9
328	9
329	9
330	9
331	9
332	9
333	9
334	9
335	9
336	9
337	9
338	9
339	9
340	9
341	9
342	9
343	9
344	9
345	10
346	10
347	9
348	9
349	9
350	9
351	9
352	9
353	9
354	9
355	9
356	9
357	9
358	9
359	9
360	9
361	9
362	9
363	9
364	9
365	9
366	9
367	9
368	9
369	9
370	9
371	9
372	9
373	10
374	10
375	10
376	10
377	10
378	9
379	9
380	9
381	9
382	10
383	10
384	10
385	9
386	9
387	9
388	9
389	9
390	9
391	9
392	9
393	9
394	9
395	9
396	9
397	10
398	10
399	10
400	10
401	10
402	10
403	10
404	10
405	10
406	10
407	10
408	9
409	9
410	9
411	9
412	9
413	9
414	9
415	9
416	9
417	9
418	9
419	9
420	9
421	9
422	9
423	9
424	9
425	9
426	9
427	9
428	9
429	9
430	9
431	9
432	9
433	9
434	10
435	10
436	9
437	9
438	9
439	9
440	9
441	9
442	9
443	9
444	9
445	9
446	9
447	9
448	9
449	9
450	9
451	9
452	9
453	9
454	9
455	9
456	9
457	10
458	10
459	10
460	10
461	9
462	9
463	10
464	10
465	10
466	10
467	10
468	10
469	11
470	11
471	11
472	11
473	11
474	12
475	11
476	11
477	11
478	10
479	11
480	10
481	10
482	10
483	10
484	10
485	10
486	10
487	10
488	10
489	10
490	10
491	10
492	10
493	10
494	10
495	10
496	10
497	10
498	10
499	10
500	10
501	10
502	10
503	9
504	9
505	9
506	9
507	9
508	9
509	9
510	9
511	9
512	9
513	9
514	9
515	9
516	9
517	9
518	9
519	9
520	9
521	9
522	9
523	9
524	9
525	9
526	9
527	9
528	9
529	9
530	9
531	9
532	9
533	9
534	9
535	9
536	9
537	9
538	9
539	9
540	9
541	9
542	9
543	9
544	9
545	10
546	9
547	9
548	9
549	9
550	9
551	9
552	9
553	9
554	9
555	9
556	9
557	9
558	9
559	9
560	9
561	9
562	9
563	9
564	9
565	9
566	9
567	9
568	9
569	9
570	9
571	9
572	9
573	9
574	9
575	9
576	9
577	9
578	9
579	9
580	9
581	9
582	9
583	9
584	9
585	9
586	9
587	9
588	9
589	9
590	9
591	9
592	9
593	9
594	9
595	9
596	9
597	9
598	9
599	9
600	9
601	9
602	9
603	9
604	9
605	9
606	9
607	9
608	9
609	9
610	9
611	9
612	9
613	9
614	9
615	10
616	10
617	10
618	10
619	10
620	9
621	9
622	9
623	9
624	9
625	9
626	9
627	9
628	9
629	9
630	9
631	9
632	9
633	9
634	9
635	9
636	9
637	9
638	9
639	9
640	9
641	10
642	10
643	10
644	10
645	9
646	9
647	9
648	9
649	9
650	9
651	9
652	9
653	9
654	9
655	9
656	9
657	9
658	9
659	9
660	9
661	10
662	10
663	9
664	10
665	10
666	10
667	10
668	10
669	10
670	10
671	10
672	10
673	10
674	10
675	10
676	10
677	10
678	10
679	10
680	10
681	10
682	10
683	10
684	10
685	10
686	10
687	10
688	10
689	10
690	10
691	10
692	10
693	9
694	9
695	9
696	9
697	9
698	9
699	9
700	9
701	9
702	9
703	9
704	9
705	9
706	9
707	9
708	9
709	9
710	9
711	9
712	9
713	9
714	9
715	9
716	9
717	9
718	9
719	9
720	9
721	9
722	9
723	9
724	9
725	9
726	9
727	9
728	9
729	9
730	9
731	9
732	9
733	9
734	9
735	9
736	9
737	9
738	9
739	9
740	9
741	9
742	9
743	9
744	9
745	9
746	9
747	9
748	9
749	9
750	9
751	9
752	9
753	9
754	9
755	9
756	9
757	9
758	9
759	9
760	9
761	9
762	9
763	9
764	9
765	9
766	9
767	9
768	9
769	9
770	9
771	9
772	9
773	9
774	9
775	9
776	9
777	9
778	9
779	9
780	9
781	9
782	9
783	9
784	9
785	9
786	9
787	9
788	9
789	9
790	9
791	9
792	9
793	9
794	9
795	9
796	9
797	9
798	9
799	9
800	10
801	10
802	10
803	10
804	9
805	9
806	9
807	9
808	9
809	9
810	9
811	9
812	9
813	9
814	9
815	9
816	9
817	9
818	9
819	9
820	9
821	9
822	9
823	9
824	9
825	9
826	9
827	9
828	9
829	9
830	9
831	9
832	9
833	9
834	9
835	9
836	9
837	9
838	9
839	9
840	9
841	9
842	9
843	9
844	9
845	9
846	9
847	9
848	9
849	9
850	9
851	9
852	9
853	9
854	9
855	9
856	9
857	9
858	9
859	9
860	9
861	9
862	9
863	9
864	9
865	10
866	10
867	11
868	11
869	11
870	11
871	11
872	11
873	11
874	11
875	9
876	9
877	10
878	10
879	10
880	10
881	10
882	10
883	10
884	10
885	10
886	10
887	10
888	10
889	10
890	10
891	10
892	10
893	10
894	10
895	10
896	10
897	10
898	10
899	10
900	10
901	10
902	10
903	10
904	10
905	10
906	10
907	11
908	11
909	11
910	11
911	12
912	13
913	13
914	11
915	11
916	11
917	11
918	11
919	11
920	11
921	11
922	11
923	11
924	11
925	11
926	11
927	11
928	11
929	11
930	11
931	11
932	11
933	12
934	12
935	12
936	12
937	12
938	12
939	11
940	12
941	13
942	13
943	12
944	11
945	11
946	11
947	11
948	11
949	11
950	11
951	11
952	11
953	11
954	11
955	11
956	11
957	11
958	11
959	11
960	11
961	11
962	11
963	11
964	12
965	12
966	12
967	12
968	12
969	12
970	12
971	12
972	12
973	12
974	12
975	12
976	12
977	12
978	12
979	12
980	12
981	12
982	11
983	11
984	11
985	11
986	12
987	12
988	12
989	11
990	11
991	11
992	11
993	11
994	11
995	11
996	11
997	11
998	11
999	11
1000	11
1001	11
1002	11
1003	11
1004	11
1005	11
1006	11
1007	11
1008	11
1009	11
1010	11
1011	11
1012	11
1013	11
1014	11
1015	11
1016	11
1017	11
1018	12
1019	12
1020	11
1021	11
1022	11
1023	11
1024	11
1025	11
1026	11
1027	11
1028	11
1029	11
1030	11
1031	11
1032	11
1033	11
1034	11
1035	11
1036	11
1037	11
1038	11
1039	11
1040	11
1041	11
1042	11
1043	11
1044	12
1045	14
1046	13
1047	13
1048	12
1049	12
1050	13
1051	13
1052	13
1053	13
1054	13
1055	13
1056	13
1057	14
1058	14
1059	14
1060	13
1061	13
1062	13
1063	13
1064	14
1065	14
1066	14
1067	14
1068	14
1069	14
1070	14
1071	14
1072	14
1073	14
1074	14
1075	14
1076	14
1077	14
1078	14
1079	14
1080	14
1081	14
1082	14
1083	14
1084	14
1085	14
1086	14
1087	15
1088	15
1089	14
1090	14
1091	14
1092	14
1093	14
1094	14
1095	14
1096	14
1097	14
1098	14
1099	14
1100	14
1101	14
1102	14
1103	14
1104	14
1105	14
1106	14
1107	14
1108	14
1109	14
1110	14
1111	14
1112	14
1113	14
1114	14
1115	14
1116	14
1117	14
1118	14
1119	14
1120	14
1121	14
1122	14
1123	14
1124	14
1125	14
1126	14
1127	14
1128	14
1129	14
1130	14
1131	14
1132	14
1133	14
1134	14
1135	14
1136	14
1137	14
1138	14
1139	14
1140	14
1141	14
1142	14
1143	14
1144	14
1145	14
1146	14
1147	14
1148	14
1149	14
1150	14
1151	14
1152	14
1153	14
1154	14
1155	14
1156	14
1157	14
1158	14
1159	14
1160	14
1161	14
1162	14
1163	14
1164	14
1165	14
1166	14
1167	14
1168	14
1169	14
1170	14
1171	14
1172	14
1173	14
1174	14
1175	14
1176	14
1177	14
1178	14
1179	14
1180	14
1181	14
1182	14
1183	14
1184	14
1185	14
1186	14
1187	14
1188	14
1189	14
1190	14
1191	14
1192	14
1193	14
1194	14
1195	14
1196	14
1197	14
1198	14
1199	14
1200	14
1201	14
1202	14
1203	14
1204	14
1205	14
1206	14
1207	14
1208	14
1209	14
1210	14
1211	14
1212	14
1213	14
1214	15
1215	14
1216	14
1217	14
1218	14
1219	14
1220	14
1221	14
1222	14
1223	14
1224	14
1225	14
1226	15
1227	15
1228	15
1229	15
1230	15
1231	15
1232	15
1233	15
1234	15
1235	15
1236	15
1237	15
1238	15
1239	15
1240	15
1241	15
1242	15
1243	15
1244	15
1245	15
1246	15
1247	16
1248	15
1249	15
1250	15
1251	14
1252	14
1253	14
1254	14
1255	14
1256	14
1257	14
1258	14
1259	14
1260	14
1261	14
1262	14
1263	14
1264	14
1265	14
1266	14
1267	14
1268	14
1269	14
1270	15
1271	15
1272	15
1273	15
1274	15
1275	15
1276	14
1277	14
1278	14
1279	14
1280	14
1281	14
1282	14
1283	14
1284	14
1285	14
1286	14
1287	14
1288	14
1289	14
1290	14
1291	14
1292	14
1293	14
1294	14
1295	14
1296	14
1297	14
1298	14
1299	14
1300	14
1301	14
1302	14
1303	14
1304	14
1305	15
1306	15
1307	15
1308	15
1309	15
1310	15
1311	15
1312	15
1313	15
1314	15
1315	15
1316	15
1317	15
1318	15
1319	15
1320	15
1321	15
1322	15
1323	16
1324	15
1325	15
1326	15
1327	15
1328	15
1329	15
1330	15
1331	15
1332	15
1333	15
1334	15
1335	15
1336	15
1337	15
1338	15
1339	15
1340	15
1341	15
1342	15
1343	15
1344	15
1345	15
1346	15
1347	15
1348	15
1349	15
1350	15
1351	15
1352	15
1353	16
1354	16
1355	15
1356	15
1357	15
1358	15
1359	15
1360	15
1361	16
1362	16
1363	16
1364	16
1365	16
1366	15
1367	15
1368	15
1369	15
1370	15
1371	15
1372	15
1373	15
1374	15
1375	15
1376	15
1377	16
1378	16
1379	16
1380	16
1381	16
1382	16
1383	16
1384	16
1385	15
1386	15
1387	15
1388	15
1389	15
1390	15
1391	15
1392	15
1393	15
1394	15
1395	15
1396	15
1397	15
1398	15
1399	15
1400	15
1401	15
1402	15
1403	15
1404	15
1405	15
1406	15
1407	15
1408	15
1409	15
1410	15
1411	15
1412	15
1413	15
1414	15
1415	15
1416	15
1417	15
1418	15
1419	15
1420	16
1421	16
1422	16
1423	16
1424	15
1425	15
1426	15
1427	15
1428	15
1429	15
1430	15
1431	15
1432	15
1433	15
1434	15
1435	15
1436	15
1437	15
1438	16
1439	16
1440	16
1441	16
1442	16
1443	16
1444	16
1445	16
1446	16
1447	16
1448	16
1449	16
1450	17
1451	17
1452	17
1453	17
1454	17
1455	16
1456	16
1457	16
1458	16
1459	16
1460	16
1461	16
1462	16
1463	16
1464	16
1465	16
1466	17
1467	17
1468	17
1469	17
1470	16
1471	16
1472	16
1473	15
1474	15
1475	15
1476	15
1477	15
1478	15
1479	15
1480	16
1481	16
1482	16
1483	16
1484	15
1485	15
1486	15
1487	15
1488	15
1489	15
1490	15
1491	15
1492	15
1493	15
1494	15
1495	15
1496	15
1497	15
1498	15
1499	15
1500	15
1501	15
1502	15
1503	15
1504	15
1505	15
1506	15
1507	15
1508	15
1509	15
1510	15
1511	15
1512	15
1513	15
1514	15
1515	15
1516	15
1517	15
1518	15
1519	15
1520	15
1521	15
1522	15
1523	15
1524	15
1525	15
1526	15
1527	15
1528	15
1529	15
1530	15
1531	15
1532	15
1533	15
1534	15
1535	15
1536	15
1537	15
1538	15
1539	15
1540	15
1541	15
1542	15
1543	15
1544	15
1545	15
1546	15
1547	15
1548	16
1549	16
1550	16
1551	16
1552	16
1553	16
1554	16
1555	16
1556	16
1557	16
1558	15
1559	15
1560	15
1561	15
1562	15
1563	15
1564	15
1565	15
1566	15
1567	15
1568	15
1569	15
1570	15
1571	15
1572	15
1573	15
1574	15
1575	15
1576	15
1577	15
1578	15
1579	16
1580	17
1581	16
1582	15
1583	15
1584	15
1585	15
1586	15
1587	15
1588	15
1589	15
1590	15
1591	15
1592	15
1593	15
1594	15
1595	15
1596	15
1597	15
1598	15
1599	15
1600	15
1601	15
1602	15
1603	15
1604	15
1605	15
1606	15
1607	15
1608	15
1609	15
1610	15
1611	15
1612	16
1613	16
1614	16
1615	16
1616	16
1617	15
1618	15
1619	15
1620	15
1621	15
1622	15
1623	15
1624	15
1625	15
1626	15
1627	15
1628	15
1629	15
1630	15
1631	15
1632	15
1633	15
1634	15
1635	15
1636	15
1637	15
1638	15
1639	15
1640	15
1641	15
1642	15
1643	15
1644	15
1645	15
1646	15
1647	15
1648	15
1649	15
1650	15
1651	15
1652	15
1653	15
1654	15
1655	15
1656	15
1657	15
1658	15
1659	15
1660	15
1661	15
1662	15
1663	15
1664	15
1665	15
1666	15
1667	15
1668	15
1669	15
1670	15
1671	15
1672	15
1673	15
1674	15
1675	15
1676	15
1677	15
1678	15
1679	15
1680	15
1681	15
1682	15
1683	15
1684	15
1685	15
1686	15
1687	15
1688	15
1689	15
1690	15
1691	15
1692	15
1693	15
1694	15
1695	15
1696	15
1697	15
1698	15
1699	15
1700	15
1701	15
1702	15
1703	15
1704	15
1705	15
1706	15
1707	15
1708	15
1709	15
1710	15
1711	15
1712	15
1713	15
1714	15
1715	15
1716	15
1717	15
1718	15
1719	15
1720	15
1721	15
1722	15
1723	15
1724	15
1725	15
1726	15
1727	15
1728	15
1729	15
1730	15
1731	15
1732	15
1733	15
1734	15
1735	15
1736	15
1737	15
1738	15
1739	15
1740	15
1741	15
1742	15
1743	15
1744	15
1745	15
1746	15
1747	15
1748	15
1749	15
1750	15
1751	15
1752	15
1753	15
1754	15
1755	15
1756	15
1757	15
1758	15
1759	15
1760	15
1761	15
1762	15
1763	15
1764	15
1765	15
1766	15
1767	15
1768	15
1769	15
1770	15
1771	15
1772	15
1773	15
1774	15
1775	15
1776	15
1777	15
1778	15
1779	15
1780	16
1781	16
1782	16
1783	17
1784	16
1785	16
1786	16
1787	15
1788	15
1789	15
1790	15
1791	15
1792	15
1793	15
1794	15
1795	15
1796	15
1797	15
1798	15
1799	15
1800	15
1801	15
1802	15
1803	15
1804	15
1805	15
1806	15
1807	15
1808	15
1809	15
1810	15
1811	15
1812	15
1813	15
1814	15
1815	15
1816	15
1817	15
1818	15
1819	15
1820	15
1821	15
1822	15
1823	15
1824	15
1825	15
1826	15
1827	15
1828	15
1829	16
1830	16
1831	16
1832	16
1833	16
1834	16
1835	16
1836	16
1837	16
1838	15
1839	15
1840	16
1841	16
1842	16
1843	15
1844	15
1845	15
1846	16
1847	16
1848	15
1849	15
1850	15
1851	15
1852	15
1853	15
1854	15
1855	15
1856	15
1857	15
1858	15
1859	15
1860	15
1861	15
1862	15
1863	15
1864	15
1865	15
1866	15
1867	15
1868	15
1869	15
1870	15
1871	15
1872	15
1873	15
1874	15
1875	15
1876	15
1877	15
1878	15
1879	15
1880	16
1881	16
1882	15
1883	15
1884	15
1885	15
1886	15
1887	15
1888	15
1889	15
1890	15
1891	15
1892	15
1893	15
1894	15
1895	15
1896	15
1897	15
1898	15
1899	15
1900	15
1901	15
1902	15
1903	15
1904	15
1905	15
1906	15
1907	15
1908	16
1909	16
1910	16
1911	16
1912	16
1913	16
1914	16
1915	18
1916	17
1917	17
1918	17
1919	17
1920	17
1921	17
1922	17
1923	17
1924	17
1925	17
1926	17
1927	17
1928	17
1929	17
1930	17
1931	17
1932	17
1933	17
1934	16
1935	16
1936	16
1937	16
1938	16
1939	16
1940	16
1941	16
1942	16
1943	16
1944	16
1945	16
1946	16
1947	16
1948	16
1949	16
1950	16
1951	16
1952	16
1953	16
1954	16
1955	16
1956	16
1957	16
1958	16
1959	17
1960	17
1961	17
1962	17
1963	17
1964	16
1965	16
1966	16
1967	16
1968	16
1969	16
1970	16
1971	16
1972	16
1973	16
1974	16
1975	16
1976	16
1977	16
1978	16
1979	16
1980	16
1981	16
1982	16
1983	16
1984	16
1985	16
1986	16
1987	16
1988	16
1989	16
1990	17
1991	18
1992	17
1993	17
1994	17
1995	17
1996	17
1997	17
1998	17
1999	17
2000	17
2001	17
2002	17
2003	17
2004	16
2005	16
2006	16
2007	16
2008	16
2009	16
2010	16
2011	16
2012	16
2013	16
2014	17
2015	17
2016	16
2017	16
2018	16
2019	16
2020	16
2021	16
2022	16
2023	16
2024	16
2025	16
2026	16
2027	16
2028	16
2029	16
2030	16
2031	16
2032	16
2033	16
2034	16
2035	16
2036	16
2037	16
2038	16
2039	16
2040	16
2041	16
2042	16
2043	16
2044	16
2045	16
2046	16
2047	16
2048	17
2049	17
2050	17
2051	16
2052	16
2053	16
2054	16
2055	16
2056	16
2057	16
2058	16
2059	16
2060	16
2061	16
2062	16
2063	16
2064	16
2065	16
2066	16
2067	16
2068	16
2069	16
2070	16
2071	16
2072	17
2073	17
2074	17
2075	17
2076	17
2077	17
2078	17
2079	17
2080	17
2081	16
2082	16
2083	17
2084	17
2085	16
2086	16
2087	16
2088	16
2089	16
2090	16
2091	16
2092	16
2093	16
2094	16
2095	16
2096	16
2097	16
2098	16
2099	16
2100	16
2101	16
2102	16
2103	17
2104	16
2105	16
2106	16
2107	16
2108	16
2109	16
2110	16
2111	16
2112	16
2113	16
2114	16
2115	16
2116	16
2117	16
2118	16
2119	17
2120	17
2121	17
2122	16
2123	16
2124	16
2125	16
2126	16
2127	16
2128	16
2129	17
2130	17
2131	17
2132	17
2133	17
2134	18
2135	17
2136	17
2137	16
2138	16
2139	16
2140	16
2141	16
2142	16
2143	16
2144	16
2145	16
2146	16
2147	16
2148	16
2149	16
2150	16
2151	16
2152	16
2153	16
2154	16
2155	16
2156	16
2157	16
2158	16
2159	16
2160	16
2161	16
2162	16
2163	16
2164	17
2165	17
2166	17
2167	17
2168	17
2169	17
2170	17
2171	17
2172	17
2173	17
2174	17
2175	17
2176	17
2177	17
2178	17
2179	17
2180	17
2181	17
2182	17
2183	17
2184	16
2185	16
2186	16
2187	16
2188	16
2189	16
2190	16
2191	16
2192	16
2193	16
2194	16
2195	16
2196	16
2197	16
2198	16
2199	16
2200	16
2201	16
2202	16
2203	16
2204	16
2205	16
2206	16
2207	17
2208	17
2209	17
2210	17
2211	17
2212	17
2213	16
2214	16
2215	16
2216	16
2217	16
2218	16
2219	16
2220	16
2221	16
2222	16
2223	16
2224	16
2225	16
2226	16
2227	16
2228	16
2229	16
2230	16
2231	16
2232	16
2233	16
2234	16
2235	17
2236	17
2237	16
2238	16
2239	16
2240	16
2241	16
2242	16
2243	16
2244	16
2245	16
2246	16
2247	16
2248	16
2249	16
2250	16
2251	16
2252	16
2253	16
2254	16
2255	16
2256	16
2257	16
2258	16
2259	16
2260	16
2261	16
2262	16
2263	16
2264	16
2265	16
2266	16
2267	16
2268	16
2269	16
2270	16
2271	17
2272	16
2273	16
2274	16
2275	16
2276	16
2277	16
2278	16
2279	16
2280	17
2281	18
2282	18
2283	18
2284	18
2285	18
2286	18
2287	18
2288	18
2289	18
2290	18
2291	18
2292	18
2293	18
2294	18
2295	18
2296	18
2297	18
2298	18
2299	18
2300	18
2301	18
2302	18
2303	17
2304	17
2305	17
2306	17
2307	17
2308	17
2309	17
2310	17
2311	17
2312	17
2313	17
2314	17
2315	17
2316	17
2317	17
2318	17
2319	17
2320	17
2321	17
2322	17
2323	17
2324	17
2325	17
2326	17
2327	17
2328	17
2329	17
2330	17
2331	17
2332	17
2333	17
2334	17
2335	17
2336	17
2337	17
2338	17
2339	17
2340	17
2341	17
2342	17
2343	17
2344	17
2345	17
2346	16
2347	16
2348	16
2349	16
2350	16
2351	16
2352	16
2353	16
2354	16
2355	16
2356	16
2357	16
2358	16
2359	16
2360	16
2361	16
2362	16
2363	16
2364	16
2365	16
2366	16
2367	16
2368	16
2369	16
2370	16
2371	17
2372	17
2373	17
2374	17
2375	17
2376	17
2377	17
2378	17
2379	17
2380	17
2381	17
2382	17
2383	17
2384	17
2385	17
2386	17
2387	17
2388	17
2389	18
2390	18
2391	17
2392	17
2393	17
2394	17
2395	17
2396	18
2397	18
2398	18
2399	18
2400	18
2401	19
2402	20
2403	19
2404	19
2405	19
2406	19
2407	19
2408	19
2409	20
2410	19
2411	19
2412	19
2413	18
2414	18
2415	18
2416	18
2417	18
2418	18
2419	18
2420	18
2421	17
2422	17
2423	17
2424	17
2425	17
2426	17
2427	18
2428	18
2429	17
2430	17
2431	17
2432	17
2433	17
2434	17
2435	17
2436	17
2437	17
2438	17
2439	18
2440	18
2441	18
2442	16
2443	16
2444	16
2445	16
2446	16
2447	16
2448	16
2449	16
2450	16
2451	16
2452	16
2453	16
2454	16
2455	17
2456	17
2457	17
2458	17
2459	18
2460	18
2461	17
2462	17
2463	17
2464	17
2465	17
2466	16
2467	16
2468	16
2469	16
2470	16
2471	16
2472	16
2473	16
2474	16
2475	16
2476	16
2477	16
2478	16
2479	16
2480	16
2481	16
2482	16
2483	16
2484	16
2485	16
2486	16
2487	16
2488	16
2489	16
2490	16
2491	16
2492	16
2493	16
2494	16
2495	16
2496	16
2497	17
2498	16
2499	16
2500	16
2501	17
2502	16
2503	16
2504	16
2505	16
2506	16
2507	16
2508	16
2509	16
2510	16
2511	16
2512	16
2513	16
2514	16
2515	16
2516	16
2517	16
2518	16
2519	16
2520	16
2521	16
2522	16
2523	16
2524	16
2525	16
2526	16
2527	16
2528	16
2529	16
2530	16
2531	16
2532	16
2533	16
2534	16
2535	16
2536	16
2537	16
2538	16
2539	16
2540	17
2541	17
2542	18
2543	17
2544	17
2545	16
2546	16
2547	16
2548	16
2549	16
2550	16
2551	16
2552	16
2553	16
2554	16
2555	16
2556	16
2557	16
2558	16
2559	16
2560	16
2561	16
2562	16
2563	16
2564	16
2565	16
2566	16
2567	16
2568	16
2569	16
2570	16
2571	16
2572	16
2573	16
2574	16
2575	16
2576	16
2577	17
2578	16
2579	16
2580	16
2581	16
2582	16
2583	16
2584	16
2585	16
2586	16
2587	16
2588	16
2589	16
2590	16
2591	16
2592	16
2593	16
2594	16
2595	16
2596	17
2597	17
2598	17
2599	18
2600	16
2601	17
2602	17
2603	17
2604	17
2605	17
2606	17
2607	17
2608	17
2609	17
2610	17
2611	17
2612	17
2613	17
2614	17
2615	16
2616	16
2617	16
2618	16
2619	16
2620	16
2621	16
2622	16
2623	16
2624	16
2625	16
2626	16
2627	16
2628	16
2629	16
2630	16
2631	16
2632	16
2633	16
2634	16
2635	16
2636	16
2637	16
2638	16
2639	16
2640	16
2641	16
2642	16
2643	16
2644	16
2645	16
2646	16
2647	16
2648	16
2649	16
2650	16
2651	16
2652	16
2653	16
2654	16
2655	16
2656	16
2657	16
2658	16
2659	16
2660	16
2661	16
2662	16
2663	16
2664	17
2665	17
2666	18
2667	18
2668	17
2669	17
2670	17
2671	17
2672	17
2673	17
2674	17
2675	18
2676	18
2677	16
2678	16
2679	16
2680	16
2681	16
2682	16
2683	17
2684	16
2685	16
2686	16
2687	16
2688	16
2689	16
2690	16
2691	16
2692	16
2693	16
2694	16
2695	16
2696	16
2697	16
2698	17
2699	17
2700	16
2701	16
2702	16
2703	16
2704	16
2705	16
2706	16
2707	16
2708	16
2709	16
2710	16
2711	16
2712	16
2713	16
2714	16
2715	16
2716	17
2717	16
2718	16
2719	16
2720	17
2721	16
2722	16
2723	16
2724	16
2725	16
2726	16
2727	16
2728	16
2729	16
2730	16
2731	16
2732	16
2733	16
2734	16
2735	16
2736	16
2737	16
2738	16
2739	16
2740	16
2741	16
2742	16
2743	16
2744	16
2745	16
2746	16
2747	16
2748	16
2749	16
2750	16
2751	16
2752	16
2753	16
2754	16
2755	16
2756	16
2757	18
2758	17
2759	17
2760	17
2761	17
2762	18
2763	18
2764	18
2765	18
2766	18
2767	18
2768	17
2769	17
2770	17
2771	17
2772	17
2773	18
2774	18
2775	18
2776	18
2777	18
2778	18
2779	18
2780	18
2781	18
2782	17
2783	17
2784	17
2785	17
2786	17
2787	17
2788	17
2789	17
2790	17
2791	16
2792	16
2793	16
2794	16
2795	16
2796	16
2797	16
2798	16
2799	16
2800	16
2801	16
2802	16
2803	16
2804	16
2805	16
2806	16
2807	16
2808	16
2809	16
2810	16
2811	16
2812	16
2813	16
2814	16
2815	16
2816	16
2817	16
2818	16
2819	16
2820	16
2821	16
2822	16
2823	16
2824	16
2825	16
2826	16
2827	16
2828	16
2829	16
2830	16
2831	16
2832	16
2833	16
2834	16
2835	16
2836	16
2837	16
2838	16
2839	16
2840	16
2841	16
2842	16
2843	16
2844	17
2845	17
2846	16
2847	16
2848	16
2849	16
2850	16
2851	16
2852	16
2853	16
2854	16
2855	16
2856	16
2857	16
2858	16
2859	16
2860	16
2861	16
2862	16
2863	16
2864	16
2865	16
2866	17
2867	16
2868	17
2869	17
2870	17
2871	17
2872	17
2873	17
2874	17
2875	17
2876	17
2877	17
2878	17
2879	17
2880	17
2881	17
2882	17
2883	17
2884	17
2885	17
2886	17
2887	17
2888	17
2889	17
2890	17
2891	16
2892	16
2893	16
2894	16
2895	16
2896	16
2897	16
2898	16
2899	16
2900	16
2901	16
2902	16
2903	16
2904	16
2905	16
2906	16
2907	16
2908	16
2909	16
2910	16
2911	16
2912	16
2913	16
2914	16
2915	16
2916	16
2917	16
2918	16
2919	16
2920	16
2921	16
2922	16
2923	16
2924	16
2925	16
2926	16
2927	16
2928	16
2929	16
2930	16
2931	16
2932	16
2933	16
2934	16
2935	16
2936	16
2937	17
2938	16
2939	16
2940	16
2941	16
2942	16
2943	16
2944	16
2945	16
2946	16
2947	16
2948	16
2949	16
2950	16
2951	16
2952	16
2953	16
2954	16
2955	16
2956	16
2957	16
2958	16
2959	16
2960	16
2961	16
2962	16
2963	16
2964	16
2965	16
2966	16
2967	16
2968	16
2969	16
2970	16
2971	16
2972	16
2973	16
2974	16
2975	16
2976	16
2977	16
2978	16
2979	17
2980	16
2981	16
2982	16
2983	16
2984	16
2985	16
2986	16
2987	16
2988	16
2989	16
2990	16
2991	16
2992	16
2993	16
2994	16
2995	16
2996	16
2997	16
2998	16
2999	16
3000	16
3001	17
3002	17
3003	17
3004	17
3005	17
3006	17
3007	17
3008	17
3009	17
3010	17
3011	17
3012	17
3013	17
3014	17
3015	17
3016	17
3017	17
3018	17
3019	17
3020	17
3021	17
3022	17
3023	16
3024	16
3025	16
3026	16
3027	16
3028	16
3029	17
3030	17
3031	17
3032	17
3033	17
3034	17
3035	17
3036	17
3037	17
3038	16
3039	16
3040	16
3041	16
3042	16
3043	16
3044	16
3045	16
3046	16
3047	16
3048	16
3049	16
3050	16
3051	16
3052	16
3053	16
3054	16
3055	16
3056	16
3057	16
3058	16
3059	16
3060	16
3061	16
3062	16
3063	16
3064	16
3065	16
3066	16
3067	16
3068	16
3069	16
3070	16
3071	16
3072	16
3073	16
3074	17
3075	17
3076	17
3077	17
3078	17
3079	17
3080	17
3081	17
3082	17
3083	17
3084	17
3085	17
3086	17
3087	17
3088	17
3089	17
3090	17
3091	17
3092	17
3093	17
3094	17
3095	17
3096	17
3097	17
3098	17
3099	17
3100	17
3101	17
3102	17
3103	18
3104	17
3105	17
3106	17
3107	17
3108	17
3109	17
3110	17
3111	17
3112	17
3113	17
3114	17
3115	17
3116	17
3117	17
3118	17
3119	17
3120	17
3121	17
3122	17
3123	17
3124	17
3125	17
3126	17
3127	17
3128	17
3129	17
3130	17
3131	17
3132	17
3133	17
3134	17
3135	17
3136	17
3137	17
3138	17
3139	17
3140	17
3141	17
3142	17
3143	17
3144	17
3145	17
3146	17
3147	17
3148	17
3149	17
3150	17
3151	17
3152	17
3153	17
3154	17
3155	18
3156	17
3157	17
3158	17
3159	17
3160	17
3161	17
3162	17
3163	17
3164	17
3165	17
3166	17
3167	17
3168	17
3169	17
3170	17
3171	17
3172	17
3173	17
3174	17
3175	17
3176	17
3177	17
3178	17
3179	17
3180	17
3181	17
3182	17
3183	17
3184	17
3185	17
3186	17
3187	17
3188	17
3189	17
3190	17
3191	17
3192	17
3193	17
3194	17
3195	17
3196	17
3197	17
3198	17
3199	17
3200	17
3201	17
3202	17
3203	17
3204	17
3205	17
3206	17
3207	17
3208	17
3209	17
3210	17
3211	17
3212	17
3213	17
3214	17
3215	17
3216	17
3217	17
3218	17
3219	17
3220	17
3221	17
3222	17
3223	17
3224	17
3225	17
3226	17
3227	17
3228	17
3229	17
3230	17
3231	17
3232	17
3233	17
3234	17
3235	17
3236	17
3237	17
3238	17
3239	17
3240	17
3241	17
3242	17
3243	17
3244	17
3245	17
3246	17
3247	17
3248	17
3249	17
3250	17
3251	17
3252	17
3253	17
3254	17
3255	17
3256	17
3257	17
3258	17
3259	17
3260	17
3261	17
3262	17
3263	17
3264	17
3265	17
3266	17
3267	17
3268	17
3269	17
3270	17
3271	17
3272	17
3273	17
3274	17
3275	17
3276	17
3277	17
3278	17
3279	17
3280	17
3281	17
3282	17
3283	17
3284	17
3285	17
3286	17
3287	17
3288	17
3289	17
3290	17
3291	17
3292	17
3293	17
3294	17
3295	17
3296	17
3297	17
3298	17
3299	17
3300	17
3301	17
3302	17
3303	17
3304	17
3305	17
3306	17
3307	17
3308	17
3309	17
3310	17
3311	17
3312	17
3313	17
3314	17
3315	17
3316	17
3317	17
3318	17
3319	17
3320	17
3321	17
3322	17
3323	17
3324	17
3325	17
3326	17
3327	17
3328	17
3329	17
3330	17
3331	17
3332	17
3333	17
3334	17
3335	17
3336	17
3337	17
3338	17
3339	17
3340	17
3341	17
3342	17
3343	17
3344	18
3345	17
3346	17
3347	17
3348	17
3349	17
3350	17
3351	17
3352	17
3353	17
3354	17
3355	17
3356	17
3357	17
3358	17
3359	17
3360	17
3361	17
3362	17
3363	17
3364	17
3365	17
3366	17
3367	17
3368	17
3369	17
3370	17
3371	17
3372	17
3373	17
3374	17
3375	17
3376	17
3377	17
3378	17
3379	17
3380	17
3381	17
3382	17
3383	17
3384	17
3385	17
3386	17
3387	17
3388	17
3389	17
3390	17
3391	17
3392	17
3393	17
3394	17
3395	17
3396	17
3397	17
3398	17
3399	17
3400	17
3401	17
3402	17
3403	17
3404	17
3405	17
3406	17
3407	17
3408	17
3409	17
3410	17
3411	17
3412	17
3413	17
3414	17
3415	17
3416	17
3417	17
3418	17
3419	17
3420	17
3421	17
3422	17
3423	17
3424	17
3425	17
3426	17
3427	18
3428	17
3429	17
3430	17
3431	17
3432	17
3433	17
3434	17
3435	17
3436	17
3437	17
3438	17
3439	17
3440	17
3441	17
3442	17
3443	17
3444	17
3445	17
3446	17
3447	17
3448	17
3449	17
3450	17
3451	17
3452	17
3453	17
3454	17
3455	17
3456	17
3457	17
3458	17
3459	17
3460	17
3461	17
3462	17
3463	17
3464	17
3465	18
3466	18
3467	17
3468	17
3469	17
3470	17
3471	17
3472	17
3473	17
3474	17
3475	17
3476	17
3477	18
3478	17
3479	17
3480	18
3481	18
3482	18
3483	18
3484	18
3485	18
3486	18
3487	18
3488	18
3489	18
3490	18
3491	18
3492	18
3493	18
3494	18
3495	18
3496	18
3497	18
3498	18
3499	18
3500	18
3501	18
3502	18
3503	18
3504	18
3505	18
3506	18
3507	18
3508	18
3509	17
3510	17
3511	17
3512	17
3513	17
3514	17
3515	17
3516	18
3517	18
3518	17
3519	17
3520	17
3521	17
3522	17
3523	17
3524	17
3525	17
3526	17
3527	17
3528	17
3529	18
3530	18
3531	18
3532	18
3533	18
3534	18
3535	18
3536	18
3537	17
3538	17
3539	17
3540	17
3541	17
3542	18
3543	18
3544	18
3545	18
3546	18
3547	18
3548	18
3549	18
3550	18
3551	18
3552	18
3553	18
3554	18
3555	18
3556	18
3557	18
3558	18
3559	18
3560	18
3561	18
3562	18
3563	18
3564	18
3565	18
3566	18
3567	18
3568	18
3569	18
3570	18
3571	18
3572	18
3573	18
3574	18
3575	18
3576	18
3577	18
3578	18
3579	19
3580	19
3581	18
3582	18
3583	17
3584	17
3585	17
3586	17
3587	17
3588	17
3589	17
3590	17
3591	17
3592	17
3593	17
3594	17
3595	17
3596	17
3597	17
3598	17
3599	17
3600	17
3601	17
3602	17
3603	17
3604	17
3605	17
3606	17
3607	17
3608	17
3609	17
3610	17
3611	17
3612	17
3613	17
3614	17
3615	17
3616	17
3617	17
3618	17
3619	17
3620	17
3621	17
3622	17
3623	17
3624	17
3625	17
3626	17
3627	17
3628	17
3629	17
3630	17
3631	17
3632	17
3633	17
3634	17
3635	17
3636	17
3637	17
3638	17
3639	17
3640	17
3641	17
3642	17
3643	17
3644	17
3645	17
3646	17
3647	17
3648	17
3649	17
3650	17
3651	17
3652	17
3653	17
3654	17
3655	17
3656	17
3657	17
3658	17
3659	17
3660	17
3661	17
3662	17
3663	17
3664	17
3665	17
3666	17
3667	17
3668	17
3669	17
3670	17
3671	18
3672	18
3673	18
3674	18
3675	17
3676	17
3677	17
3678	17
3679	17
3680	17
3681	17
3682	17
3683	17
3684	17
3685	17
3686	17
3687	17
3688	17
3689	18
3690	18
3691	18
3692	18
3693	18
3694	17
3695	18
3696	17
3697	17
3698	17
3699	17
3700	17
3701	17
3702	17
3703	17
3704	17
3705	17
3706	17
3707	18
3708	18
3709	18
3710	19
3711	18
3712	17
3713	17
3714	18
3715	18
3716	17
3717	17
3718	17
3719	17
3720	17
3721	17
3722	17
3723	17
3724	17
3725	17
3726	17
3727	17
3728	17
3729	17
3730	17
3731	17
3732	17
3733	17
3734	17
3735	17
3736	17
3737	17
3738	17
3739	17
3740	18
3741	17
3742	17
3743	17
3744	17
3745	17
3746	17
3747	17
3748	17
3749	17
3750	17
3751	17
3752	17
3753	17
3754	17
3755	17
3756	17
3757	17
3758	17
3759	17
3760	17
3761	17
3762	17
3763	17
3764	17
3765	17
3766	17
3767	17
3768	18
3769	18
3770	18
3771	18
3772	18
3773	18
3774	18
3775	18
3776	18
3777	18
3778	18
3779	18
3780	17
3781	17
3782	17
3783	17
3784	17
3785	17
3786	17
3787	17
3788	17
3789	18
3790	18
3791	18
3792	18
3793	18
3794	18
3795	18
3796	19
3797	19
3798	19
3799	19
3800	18
3801	18
3802	18
3803	18
3804	18
3805	17
3806	17
3807	17
3808	17
3809	17
3810	17
3811	17
3812	17
3813	17
3814	17
3815	17
3816	17
3817	18
3818	18
3819	18
3820	18
3821	17
3822	17
3823	17
3824	19
3825	18
3826	17
3827	17
3828	17
3829	17
3830	17
3831	17
3832	17
3833	17
3834	17
3835	17
3836	17
3837	17
3838	17
3839	17
3840	17
3841	17
3842	17
3843	17
3844	17
3845	17
3846	17
3847	17
3848	17
3849	18
3850	17
3851	17
3852	17
3853	17
3854	17
3855	17
3856	17
3857	17
3858	17
3859	17
3860	17
3861	17
3862	17
3863	17
3864	17
3865	17
3866	17
3867	17
3868	17
3869	18
3870	18
3871	18
3872	18
3873	18
3874	18
3875	18
3876	18
3877	18
3878	18
3879	18
3880	18
3881	18
3882	18
3883	18
3884	18
3885	18
3886	18
3887	18
3888	18
3889	18
3890	18
3891	18
3892	18
3893	18
3894	18
3895	18
3896	18
3897	18
3898	18
3899	18
3900	18
3901	18
3902	18
3903	18
3904	18
3905	18
3906	18
3907	18
3908	18
3909	18
3910	18
3911	18
3912	18
3913	18
3914	18
3915	18
3916	18
3917	18
3918	18
3919	18
3920	18
3921	18
3922	18
3923	18
3924	18
3925	18
3926	18
3927	18
3928	18
3929	18
3930	18
3931	18
3932	18
3933	18
3934	18
3935	18
3936	18
3937	18
3938	18
3939	18
3940	18
3941	18
3942	18
3943	18
3944	18
3945	17
3946	18
3947	18
3948	18
3949	18
3950	18
3951	18
3952	18
3953	18
3954	18
3955	18
3956	18
3957	18
3958	18
3959	19
3960	18
3961	18
3962	19
3963	18
3964	18
3965	18
3966	18
3967	18
3968	18
3969	18
3970	18
3971	18
3972	18
3973	18
3974	18
3975	18
3976	18
3977	18
3978	18
3979	18
3980	18
3981	18
3982	18
3983	18
3984	18
3985	18
3986	18
3987	18
3988	18
3989	18
3990	18
3991	18
3992	18
3993	18
3994	18
3995	18
3996	18
3997	18
3998	18
3999	18
4000	18
4001	18
4002	18
4003	18
4004	18
4005	18
4006	18
4007	19
4008	18
4009	18
4010	18
4011	18
4012	18
4013	18
4014	18
4015	18
4016	18
4017	18
4018	18
4019	18
4020	18
4021	18
4022	18
4023	18
4024	18
4025	18
4026	18
4027	18
4028	18
4029	18
4030	18
4031	18
4032	18
4033	18
4034	18
4035	18
4036	19
4037	19
4038	18
4039	18
4040	18
4041	18
4042	18
4043	18
4044	18
4045	18
4046	18
4047	18
4048	18
4049	18
4050	18
4051	18
4052	18
4053	18
4054	18
4055	18
4056	18
4057	18
4058	18
4059	19
4060	19
4061	18
4062	18
4063	18
4064	18
4065	18
4066	19
4067	19
4068	19
4069	19
4070	19
4071	19
4072	19
4073	19
4074	19
4075	19
4076	19
4077	19
4078	19
4079	19
4080	19
4081	19
4082	19
4083	19
4084	18
4085	18
4086	18
4087	18
4088	18
4089	18
4090	18
4091	18
4092	18
4093	18
4094	18
4095	18
4096	18
4097	18
4098	18
4099	18
4100	18
4101	18
4102	18
4103	18
4104	18
4105	18
4106	18
4107	18
4108	18
4109	19
4110	19
4111	18
4112	18
4113	18
4114	18
4115	18
4116	18
4117	18
4118	18
4119	18
4120	18
4121	18
4122	18
4123	18
4124	18
4125	18
4126	18
4127	18
4128	18
4129	18
4130	18
4131	18
4132	18
4133	18
4134	18
4135	18
4136	18
4137	18
4138	18
4139	18
4140	18
4141	18
4142	18
4143	18
4144	18
4145	18
4146	18
4147	18
4148	18
4149	18
4150	18
4151	18
4152	19
4153	19
4154	18
4155	18
4156	18
4157	18
4158	18
4159	18
4160	18
4161	18
4162	18
4163	18
4164	18
4165	18
4166	18
4167	18
4168	18
4169	18
4170	18
4171	18
4172	18
4173	18
4174	18
4175	18
4176	18
4177	18
4178	18
4179	18
4180	18
4181	18
4182	18
4183	18
4184	18
4185	18
4186	18
4187	18
4188	18
4189	18
4190	18
4191	18
4192	18
4193	18
4194	18
4195	18
4196	18
4197	18
4198	18
4199	18
4200	18
4201	18
4202	18
4203	18
4204	18
4205	18
4206	19
4207	19
4208	19
4209	20
4210	20
4211	20
4212	20
4213	20
4214	20
4215	20
4216	20
4217	20
4218	19
4219	19
4220	19
4221	19
4222	19
4223	19
4224	18
4225	18
4226	18
4227	18
4228	18
4229	19
4230	19
4231	19
4232	18
4233	18
4234	18
4235	18
4236	18
4237	18
4238	18
4239	19
4240	19
4241	18
4242	18
4243	18
4244	18
4245	18
4246	18
4247	18
4248	18
4249	18
4250	18
4251	18
4252	18
4253	18
4254	18
4255	18
4256	18
4257	18
4258	18
4259	18
4260	18
4261	19
4262	19
4263	19
4264	19
4265	19
4266	19
4267	19
4268	19
4269	19
4270	19
4271	20
4272	18
4273	18
4274	18
4275	18
4276	19
4277	19
4278	19
4279	19
4280	19
4281	18
4282	18
4283	18
4284	18
4285	18
4286	18
4287	18
4288	18
4289	18
4290	19
4291	19
4292	19
4293	19
4294	18
4295	18
4296	18
4297	18
4298	18
4299	18
4300	18
4301	18
4302	18
4303	18
4304	18
4305	18
4306	18
4307	18
4308	18
4309	18
4310	18
4311	18
4312	18
4313	18
4314	18
4315	18
4316	18
4317	18
4318	18
4319	18
4320	18
4321	18
4322	18
4323	19
4324	19
4325	19
4326	19
4327	18
4328	18
4329	18
4330	18
4331	18
4332	18
4333	18
4334	18
4335	18
4336	18
4337	18
4338	18
4339	18
4340	18
4341	18
4342	18
4343	18
4344	18
4345	18
4346	18
4347	18
4348	18
4349	18
4350	18
4351	18
4352	18
4353	18
4354	18
4355	18
4356	18
4357	18
4358	18
4359	18
4360	18
4361	18
4362	18
4363	18
4364	18
4365	18
4366	18
4367	18
4368	18
4369	18
4370	18
4371	18
4372	18
4373	18
4374	18
4375	18
4376	18
4377	18
4378	18
4379	18
4380	18
4381	18
4382	18
4383	18
4384	18
4385	19
4386	19
4387	19
4388	19
4389	18
4390	18
4391	18
4392	18
4393	18
4394	19
4395	20
4396	20
4397	20
4398	20
4399	20
4400	19
4401	18
4402	18
4403	18
4404	18
4405	18
4406	18
4407	18
4408	18
4409	18
4410	18
4411	18
4412	18
4413	18
4414	18
4415	18
4416	18
4417	18
4418	18
4419	18
4420	19
4421	19
4422	19
4423	19
4424	19
4425	19
4426	19
4427	19
4428	19
4429	19
4430	19
4431	19
4432	19
4433	19
4434	19
4435	19
4436	19
4437	19
4438	19
4439	19
4440	19
4441	19
4442	19
4443	19
4444	19
4445	19
4446	19
4447	19
4448	19
4449	19
4450	19
4451	19
4452	19
4453	19
4454	19
4455	19
4456	18
4457	18
4458	18
4459	18
4460	18
4461	18
4462	18
4463	18
4464	18
4465	18
4466	18
4467	18
4468	18
4469	18
4470	18
4471	18
4472	18
4473	18
4474	18
4475	18
4476	18
4477	18
4478	18
4479	18
4480	18
4481	18
4482	18
4483	18
4484	18
4485	18
4486	18
4487	18
4488	18
4489	18
4490	18
4491	18
4492	18
4493	18
4494	18
4495	18
4496	18
4497	18
4498	18
4499	18
4500	18
4501	18
4502	18
4503	18
4504	18
4505	18
4506	18
4507	18
4508	18
4509	18
4510	18
4511	18
4512	18
4513	18
4514	18
4515	18
4516	19
4517	19
4518	19
4519	19
4520	19
4521	19
4522	19
4523	19
4524	19
4525	19
4526	19
4527	19
4528	19
4529	18
4530	18
4531	18
4532	18
4533	18
4534	18
4535	18
4536	18
4537	18
4538	18
4539	18
4540	18
4541	18
4542	18
4543	18
4544	19
4545	19
4546	18
4547	18
4548	18
4549	18
4550	18
4551	18
4552	18
4553	18
4554	18
4555	18
4556	18
4557	18
4558	18
4559	18
4560	18
4561	18
4562	18
4563	18
4564	18
4565	18
4566	18
4567	18
4568	18
4569	18
4570	18
4571	18
4572	18
4573	18
4574	18
4575	18
4576	18
4577	18
4578	18
4579	18
4580	18
4581	18
4582	18
4583	18
4584	18
4585	18
4586	18
4587	18
4588	18
4589	18
4590	18
4591	18
4592	18
4593	19
4594	19
4595	19
4596	19
4597	19
4598	19
4599	19
4600	19
4601	18
4602	18
4603	18
4604	19
4605	19
4606	19
4607	19
4608	18
4609	19
4610	19
4611	19
4612	19
4613	19
4614	18
4615	18
4616	18
4617	18
4618	18
4619	18
4620	18
4621	18
4622	18
4623	18
4624	18
4625	18
4626	18
4627	18
4628	18
4629	18
4630	18
4631	18
4632	18
4633	18
4634	18
4635	18
4636	18
4637	18
4638	19
4639	19
4640	19
4641	19
4642	19
4643	19
4644	19
4645	19
4646	19
4647	19
4648	19
4649	19
4650	20
4651	20
4652	19
4653	19
4654	19
4655	18
4656	18
4657	18
4658	18
4659	18
4660	18
4661	18
4662	18
4663	18
4664	18
4665	18
4666	18
4667	18
4668	18
4669	18
4670	18
4671	18
4672	18
4673	18
4674	18
4675	18
4676	18
4677	18
4678	18
4679	18
4680	18
4681	18
4682	18
4683	18
4684	19
4685	19
4686	20
4687	20
4688	20
4689	19
4690	18
4691	18
4692	19
4693	18
4694	18
4695	18
4696	18
4697	19
4698	19
4699	19
4700	19
4701	19
4702	19
4703	19
4704	19
4705	19
4706	19
4707	18
4708	18
4709	18
4710	18
4711	18
4712	19
4713	19
4714	19
4715	19
4716	18
4717	18
4718	18
4719	18
4720	18
4721	18
4722	18
4723	18
4724	18
4725	18
4726	18
4727	18
4728	18
4729	18
4730	18
4731	18
4732	18
4733	18
4734	18
4735	18
4736	18
4737	18
4738	19
4739	19
4740	19
4741	20
4742	20
4743	20
4744	20
4745	20
4746	20
4747	20
4748	20
4749	20
4750	21
4751	20
4752	20
4753	19
4754	19
4755	19
4756	19
4757	19
4758	19
4759	19
4760	19
4761	19
4762	19
4763	19
4764	19
4765	19
4766	19
4767	19
4768	19
4769	19
4770	19
4771	19
4772	19
4773	19
4774	19
4775	19
4776	19
4777	19
4778	19
4779	20
4780	20
4781	20
4782	20
4783	20
4784	20
4785	20
4786	20
4787	20
4788	20
4789	19
4790	19
4791	19
4792	19
4793	19
4794	19
4795	19
4796	19
4797	19
4798	19
4799	19
4800	19
4801	19
4802	19
4803	19
4804	20
4805	20
4806	20
4807	19
4808	19
4809	19
4810	19
4811	19
4812	19
4813	20
4814	19
4815	19
4816	19
4817	19
4818	19
4819	19
4820	19
4821	19
4822	19
4823	19
4824	19
4825	19
4826	19
4827	19
4828	19
4829	19
4830	19
4831	19
4832	19
4833	19
4834	19
4835	19
4836	19
4837	19
4838	19
4839	19
4840	19
4841	19
4842	19
4843	19
4844	19
4845	19
4846	19
4847	19
4848	19
4849	19
4850	19
4851	19
4852	19
4853	19
4854	19
4855	19
4856	19
4857	19
4858	19
4859	19
4860	19
4861	19
4862	19
4863	19
4864	19
4865	19
4866	19
4867	19
4868	19
4869	19
4870	19
4871	19
4872	19
4873	19
4874	19
4875	19
4876	19
4877	19
4878	19
4879	19
4880	19
4881	19
4882	19
4883	19
4884	19
4885	19
4886	19
4887	19
4888	19
4889	20
4890	20
4891	20
4892	20
4893	19
4894	19
4895	19
4896	19
4897	19
4898	19
4899	19
4900	19
4901	19
4902	19
4903	19
4904	19
4905	19
4906	19
4907	19
4908	19
4909	19
4910	19
4911	19
4912	19
4913	19
4914	19
4915	19
4916	19
4917	19
4918	19
4919	19
4920	19
4921	19
4922	19
4923	19
4924	19
4925	19
4926	19
4927	19
4928	19
4929	19
4930	19
4931	19
4932	19
4933	19
4934	19
4935	19
4936	19
4937	19
4938	19
4939	19
4940	19
4941	19
4942	19
4943	19
4944	19
4945	19
4946	19
4947	19
4948	19
4949	19
4950	19
4951	19
4952	19
4953	19
4954	19
4955	19
4956	19
4957	19
4958	19
4959	19
4960	19
4961	19
4962	20
4963	19
4964	19
4965	19
4966	19
4967	19
4968	19
4969	19
4970	19
4971	19
4972	19
4973	19
4974	20
4975	19
4976	20
4977	20
4978	20
4979	20
4980	20
4981	20
4982	20
4983	20
4984	20
4985	20
4986	21
4987	20
4988	20
4989	20
4990	20
4991	21
4992	20
4993	20
4994	20
4995	20
4996	20
4997	20
4998	20
4999	20
5000	20
5001	20
5002	20
5003	20
5004	20
5005	20
5006	20
5007	20
5008	20
5009	20
5010	20
5011	20
5012	20
5013	20
5014	20
5015	20
5016	20
5017	20
5018	20
5019	20
5020	20
5021	20
5022	20
5023	20
5024	20
5025	20
5026	20
5027	20
5028	20
5029	20
5030	20
5031	20
5032	20
5033	19
5034	19
5035	19
5036	19
5037	19
5038	19
5039	19
5040	19
5041	19
5042	19
5043	19
5044	19
5045	19
5046	19
5047	19
5048	19
5049	19
5050	19
5051	19
5052	19
5053	19
5054	19
5055	19
5056	19
5057	19
5058	19
5059	19
5060	19
5061	19
5062	20
5063	20
5064	20
5065	20
5066	20
5067	20
5068	20
5069	20
5070	20
5071	20
5072	20
5073	19
5074	19
5075	19
5076	19
5077	19
5078	19
5079	19
5080	19
5081	19
5082	19
5083	20
5084	20
5085	20
5086	19
5087	19
5088	19
5089	19
5090	19
5091	19
5092	19
5093	19
5094	19
5095	19
5096	19
5097	19
5098	19
5099	19
5100	19
5101	19
5102	19
5103	19
5104	19
5105	19
5106	19
5107	19
5108	19
5109	19
5110	19
5111	19
5112	20
5113	19
5114	19
5115	19
5116	19
5117	19
5118	19
5119	19
5120	19
5121	19
5122	19
5123	19
5124	19
5125	19
5126	19
5127	19
5128	19
5129	19
5130	19
5131	19
5132	19
5133	19
5134	19
5135	19
5136	19
5137	19
5138	19
5139	19
5140	19
5141	19
5142	19
5143	19
5144	19
5145	19
5146	19
5147	19
5148	19
5149	19
5150	19
5151	19
5152	19
5153	19
5154	19
5155	19
5156	19
5157	19
5158	19
5159	19
5160	19
5161	19
5162	19
5163	19
5164	19
5165	19
5166	19
5167	19
5168	19
5169	19
5170	19
5171	20
5172	20
5173	20
5174	20
5175	19
5176	19
5177	19
5178	19
5179	19
5180	19
5181	19
5182	19
5183	19
5184	19
5185	19
5186	19
5187	19
5188	19
5189	19
5190	19
5191	19
5192	19
5193	19
5194	19
5195	19
5196	19
5197	19
5198	19
5199	19
5200	19
5201	19
5202	20
5203	20
5204	20
5205	20
5206	20
5207	20
5208	20
5209	20
5210	19
5211	19
5212	19
5213	19
5214	19
5215	19
5216	19
5217	19
5218	20
5219	20
5220	20
5221	20
5222	20
5223	20
5224	20
5225	20
5226	21
5227	21
5228	21
5229	21
5230	21
5231	21
5232	21
5233	20
5234	20
5235	20
5236	20
5237	20
5238	20
5239	20
5240	20
5241	20
5242	20
5243	20
5244	20
5245	20
5246	20
5247	20
5248	20
5249	20
5250	21
5251	21
5252	21
5253	21
5254	21
5255	21
5256	20
5257	20
5258	20
5259	20
5260	20
5261	20
5262	20
5263	20
5264	20
5265	20
5266	20
5267	20
5268	20
5269	20
5270	20
5271	20
5272	20
5273	20
5274	20
5275	20
5276	20
5277	20
5278	21
5279	21
5280	21
5281	21
5282	21
5283	21
5284	21
5285	21
5286	21
5287	21
5288	21
5289	21
5290	21
5291	21
5292	21
5293	21
5294	21
5295	21
5296	21
5297	21
5298	21
5299	21
5300	21
5301	21
5302	21
5303	21
5304	21
5305	21
5306	21
5307	21
5308	21
5309	21
5310	22
5311	22
5312	21
5313	21
5314	21
5315	21
5316	21
5317	21
5318	21
5319	21
5320	21
5321	21
5322	21
5323	21
5324	21
5325	21
5326	20
5327	20
5328	20
5329	20
5330	20
5331	20
5332	20
5333	20
5334	20
5335	20
5336	20
5337	20
5338	20
5339	20
5340	20
5341	20
5342	20
5343	20
5344	20
5345	22
5346	22
5347	23
5348	21
5349	21
5350	21
5351	21
5352	21
5353	21
5354	21
5355	21
5356	21
5357	21
5358	20
5359	20
5360	20
5361	20
5362	20
5363	20
5364	20
5365	20
5366	20
5367	20
5368	20
5369	20
5370	20
5371	20
5372	20
5373	20
5374	20
5375	20
5376	20
5377	20
5378	20
5379	20
5380	20
5381	20
5382	20
5383	20
5384	20
5385	20
5386	20
5387	20
5388	20
5389	20
5390	20
5391	20
5392	20
5393	20
5394	20
5395	20
5396	20
5397	20
5398	20
5399	20
5400	20
5401	20
5402	20
5403	20
5404	20
5405	20
5406	20
5407	20
5408	20
5409	20
5410	20
5411	20
5412	20
5413	20
5414	20
5415	20
5416	20
5417	20
5418	20
5419	20
5420	20
5421	20
5422	20
5423	20
5424	20
5425	21
5426	21
5427	21
5428	21
5429	21
5430	21
5431	21
5432	21
5433	22
5434	22
5435	22
5436	22
5437	22
5438	22
5439	22
5440	22
5441	22
5442	22
5443	22
5444	21
5445	21
5446	21
5447	21
5448	21
5449	21
5450	22
5451	21
5452	21
5453	22
5454	21
5455	21
5456	21
5457	21
5458	21
5459	21
5460	21
5461	21
5462	21
5463	20
5464	20
5465	20
5466	20
5467	20
5468	20
5469	20
5470	20
5471	20
5472	20
5473	20
5474	20
5475	20
5476	20
5477	20
5478	20
5479	20
5480	20
5481	20
5482	20
5483	20
5484	20
5485	20
5486	20
5487	20
5488	20
5489	20
5490	20
5491	20
5492	20
5493	20
5494	20
5495	20
5496	20
5497	20
5498	20
5499	20
5500	20
5501	20
5502	20
5503	20
5504	20
5505	20
5506	20
5507	22
5508	22
5509	22
5510	22
5511	22
5512	22
5513	22
5514	21
5515	21
5516	21
5517	21
5518	21
5519	21
5520	21
5521	21
5522	21
5523	21
5524	21
5525	21
5526	21
5527	21
5528	21
5529	21
5530	21
5531	22
5532	21
5533	21
5534	21
5535	21
5536	21
5537	21
5538	21
5539	21
5540	21
5541	21
5542	21
5543	21
5544	21
5545	21
5546	21
5547	21
5548	21
5549	21
5550	21
5551	21
5552	21
5553	21
5554	21
5555	21
5556	22
5557	23
5558	23
5559	23
5560	23
5561	23
5562	23
5563	23
5564	23
5565	23
5566	23
5567	23
5568	23
5569	23
5570	23
5571	24
5572	23
5573	22
5574	22
5575	22
5576	22
5577	22
5578	22
5579	22
5580	22
5581	22
5582	23
5583	23
5584	23
5585	23
5586	23
5587	23
5588	23
5589	23
5590	22
5591	21
5592	21
5593	21
5594	21
5595	21
5596	21
5597	22
5598	22
5599	22
5600	22
5601	22
5602	22
5603	22
5604	22
5605	22
5606	22
5607	22
5608	22
5609	22
5610	22
5611	22
5612	22
5613	22
5614	22
5615	22
5616	22
5617	22
5618	22
5619	22
5620	22
5621	22
5622	22
5623	22
5624	22
5625	22
5626	22
5627	22
5628	22
5629	22
5630	22
5631	22
5632	22
5633	22
5634	22
5635	22
5636	22
5637	22
5638	22
5639	22
5640	22
5641	22
5642	22
5643	22
5644	22
5645	22
5646	22
5647	22
5648	22
5649	22
5650	22
5651	22
5652	22
5653	22
5654	22
5655	22
5656	22
5657	22
5658	22
5659	22
5660	22
5661	22
5662	22
5663	22
5664	22
5665	22
5666	22
5667	22
5668	22
5669	22
5670	22
5671	22
5672	22
5673	22
5674	22
5675	22
5676	22
5677	22
5678	22
5679	22
5680	22
5681	22
5682	22
5683	22
5684	22
5685	22
5686	22
5687	22
5688	22
5689	21
5690	21
5691	21
5692	21
5693	21
5694	21
5695	21
5696	21
5697	22
5698	22
5699	22
5700	22
5701	22
5702	22
5703	22
5704	22
5705	22
5706	22
5707	22
5708	22
5709	22
5710	22
5711	22
5712	22
5713	22
5714	22
5715	22
5716	22
5717	22
5718	22
5719	22
5720	22
5721	22
5722	22
5723	22
5724	22
5725	22
5726	22
5727	22
5728	23
5729	22
5730	22
5731	22
5732	22
5733	22
5734	22
5735	22
5736	22
5737	22
5738	22
5739	22
5740	22
5741	23
5742	23
5743	22
5744	22
5745	22
5746	22
5747	22
5748	22
5749	22
5750	22
5751	22
5752	22
5753	22
5754	22
5755	22
5756	23
5757	23
5758	24
5759	24
5760	24
5761	24
5762	23
5763	23
5764	22
5765	23
5766	23
5767	23
5768	23
5769	22
5770	22
5771	22
5772	22
5773	22
5774	22
5775	22
5776	22
5777	22
5778	22
5779	22
5780	22
5781	22
5782	22
5783	22
5784	22
5785	22
5786	22
5787	22
5788	23
5789	22
5790	22
5791	22
5792	22
5793	22
5794	22
5795	23
5796	22
5797	22
5798	22
5799	22
5800	22
5801	22
5802	22
5803	22
5804	22
5805	22
5806	22
5807	22
5808	22
5809	22
5810	22
5811	22
5812	22
5813	22
5814	22
5815	22
5816	22
5817	22
5818	22
5819	22
5820	22
5821	22
5822	22
5823	22
5824	22
5825	22
5826	22
5827	22
5828	22
5829	22
5830	22
5831	22
5832	22
5833	22
5834	22
5835	22
5836	22
5837	22
5838	22
5839	22
5840	22
5841	22
5842	22
5843	22
5844	22
5845	22
5846	22
5847	22
5848	22
5849	22
5850	22
5851	22
5852	22
5853	22
5854	22
5855	22
5856	22
5857	22
5858	22
5859	22
5860	22
5861	22
5862	22
5863	22
5864	22
5865	22
5866	22
5867	22
5868	22
5869	22
5870	22
5871	22
5872	23
5873	23
5874	23
5875	22
5876	22
5877	22
5878	22
5879	22
5880	22
5881	22
5882	22
5883	23
5884	23
5885	23
5886	23
5887	22
5888	22
5889	22
5890	22
5891	22
5892	22
5893	22
5894	22
5895	22
5896	22
5897	22
5898	22
5899	22
5900	22
5901	22
5902	22
5903	22
5904	22
5905	22
5906	22
5907	22
5908	22
5909	22
5910	22
5911	22
5912	22
5913	22
5914	22
5915	22
5916	22
5917	22
5918	22
5919	22
5920	22
5921	22
5922	22
5923	22
5924	22
5925	22
5926	22
5927	22
5928	22
5929	22
5930	22
5931	22
5932	22
5933	22
5934	22
5935	22
5936	22
5937	22
5938	22
5939	22
5940	22
5941	22
5942	22
5943	22
5944	22
5945	22
5946	22
5947	22
5948	22
5949	22
5950	22
5951	22
5952	22
5953	22
5954	22
5955	22
5956	22
5957	22
5958	22
5959	22
5960	22
5961	22
5962	22
5963	22
5964	22
5965	22
5966	23
5967	23
5968	23
5969	23
5970	22
5971	22
5972	22
5973	22
5974	22
5975	22
5976	22
5977	22
5978	22
5979	24
5980	24
5981	24
5982	22
5983	22
5984	22
5985	22
5986	22
5987	22
5988	22
5989	22
5990	22
5991	22
5992	22
5993	22
5994	23
5995	23
5996	23
5997	23
5998	23
5999	23
6000	24
6001	24
6002	23
6003	23
6004	23
6005	23
6006	23
6007	23
6008	23
6009	23
6010	24
6011	23
6012	23
6013	23
6014	23
6015	23
6016	23
6017	23
6018	23
6019	23
6020	23
6021	23
6022	23
6023	23
6024	23
6025	23
6026	24
6027	24
6028	24
6029	24
6030	24
6031	24
6032	24
6033	24
6034	24
6035	24
6036	24
6037	24
6038	24
6039	25
6040	23
6041	23
6042	23
6043	23
6044	23
6045	23
6046	23
6047	23
6048	23
6049	24
6050	23
6051	23
6052	23
6053	23
6054	23
6055	23
6056	23
6057	24
6058	24
6059	24
6060	24
6061	24
6062	24
6063	24
6064	23
6065	23
6066	23
6067	23
6068	23
6069	23
6070	23
6071	23
6072	23
6073	23
6074	23
6075	23
6076	23
6077	23
6078	23
6079	23
6080	23
6081	24
6082	24
6083	23
6084	23
6085	23
6086	23
6087	23
6088	23
6089	23
6090	23
6091	23
6092	22
6093	22
6094	22
6095	22
6096	22
6097	22
6098	22
6099	22
6100	22
6101	22
6102	22
6103	22
6104	22
6105	22
6106	22
6107	22
6108	22
6109	22
6110	22
6111	22
6112	22
6113	22
6114	22
6115	22
6116	22
6117	22
6118	22
6119	22
6120	22
6121	22
6122	22
6123	22
6124	22
6125	22
6126	22
6127	22
6128	22
6129	22
6130	22
6131	22
6132	22
6133	22
6134	22
6135	22
6136	22
6137	22
6138	22
6139	22
6140	22
6141	22
6142	22
6143	23
6144	22
6145	22
6146	22
6147	22
6148	22
6149	22
6150	22
6151	23
6152	23
6153	23
6154	23
6155	23
6156	22
6157	22
6158	22
6159	22
6160	22
6161	22
6162	22
6163	23
6164	23
6165	23
6166	23
6167	23
6168	23
6169	23
6170	23
6171	23
6172	23
6173	23
6174	23
6175	23
6176	23
6177	23
6178	23
6179	23
6180	23
6181	23
6182	23
6183	23
6184	23
6185	23
6186	23
6187	23
6188	23
6189	23
6190	23
6191	23
6192	23
6193	23
6194	23
6195	23
6196	23
6197	23
6198	23
6199	23
6200	23
6201	23
6202	23
6203	23
6204	23
6205	23
6206	23
6207	23
6208	23
6209	23
6210	23
6211	23
6212	23
6213	23
6214	23
6215	23
6216	23
6217	23
6218	23
6219	23
6220	23
6221	23
6222	23
6223	23
6224	23
6225	23
6226	23
6227	23
6228	22
6229	22
6230	22
6231	22
6232	22
6233	22
6234	22
6235	22
6236	22
6237	22
6238	22
6239	22
6240	22
6241	22
6242	22
6243	22
6244	22
6245	22
6246	22
6247	22
6248	22
6249	22
6250	22
6251	22
6252	22
6253	22
6254	22
6255	22
6256	22
6257	23
6258	23
6259	23
6260	23
6261	23
6262	23
6263	22
6264	22
6265	22
6266	22
6267	22
6268	22
6269	22
6270	22
6271	22
6272	22
6273	22
6274	22
6275	22
6276	22
6277	22
6278	22
6279	22
6280	22
6281	22
6282	22
6283	23
6284	23
6285	23
6286	22
6287	22
6288	22
6289	22
6290	22
6291	22
6292	22
6293	22
6294	22
6295	22
6296	22
6297	22
6298	22
6299	22
6300	22
6301	22
6302	22
6303	22
6304	22
6305	22
6306	22
6307	22
6308	22
6309	23
6310	23
6311	22
6312	22
6313	22
6314	22
6315	22
6316	22
6317	22
6318	22
6319	22
6320	22
6321	22
6322	22
6323	22
6324	22
6325	22
6326	22
6327	22
6328	22
6329	22
6330	22
6331	22
6332	22
6333	22
6334	22
6335	22
6336	22
6337	22
6338	22
6339	22
6340	22
6341	22
6342	22
6343	22
6344	22
6345	22
6346	22
6347	22
6348	22
6349	22
6350	22
6351	22
6352	22
6353	22
6354	22
6355	22
6356	22
6357	22
6358	22
6359	22
6360	22
6361	22
6362	22
6363	22
6364	22
6365	22
6366	22
6367	22
6368	22
6369	22
6370	22
6371	22
6372	22
6373	22
6374	22
6375	22
6376	22
6377	22
6378	22
6379	22
6380	22
6381	22
6382	22
6383	22
6384	22
6385	22
6386	22
6387	22
6388	22
6389	22
6390	22
6391	22
6392	22
6393	22
6394	22
6395	22
6396	22
6397	22
6398	22
6399	22
6400	22
6401	22
6402	22
6403	22
6404	22
6405	22
6406	22
6407	22
6408	22
6409	22
6410	22
6411	22
6412	22
6413	22
6414	22
6415	22
6416	22
6417	22
6418	22
6419	22
6420	22
6421	22
6422	22
6423	23
6424	22
6425	22
6426	22
6427	22
6428	22
6429	22
6430	22
6431	22
6432	22
6433	22
6434	22
6435	22
6436	22
6437	22
6438	22
6439	22
6440	22
6441	22
6442	22
6443	22
6444	22
6445	22
6446	22
6447	22
6448	22
6449	22
6450	22
6451	22
6452	22
6453	22
6454	22
6455	22
6456	22
6457	22
6458	22
6459	22
6460	22
6461	22
6462	22
6463	22
6464	22
6465	22
6466	22
6467	22
6468	22
6469	22
6470	22
6471	22
6472	22
6473	22
6474	22
6475	22
6476	22
6477	22
6478	22
6479	22
6480	22
6481	22
6482	22
6483	22
6484	22
6485	22
6486	22
6487	22
6488	22
6489	22
6490	22
6491	22
6492	23
6493	23
6494	23
6495	23
6496	23
6497	23
6498	23
6499	23
6500	23
6501	23
6502	23
6503	23
6504	23
6505	23
6506	23
6507	23
6508	23
6509	23
6510	23
6511	24
6512	23
6513	23
6514	23
6515	23
6516	23
6517	23
6518	23
6519	23
6520	23
6521	23
6522	23
6523	23
6524	23
6525	23
6526	23
6527	23
6528	23
6529	23
6530	23
6531	23
6532	23
6533	23
6534	23
6535	23
6536	23
6537	23
6538	23
6539	23
6540	23
6541	22
6542	22
6543	22
6544	22
6545	22
6546	22
6547	22
6548	22
6549	22
6550	22
6551	22
6552	22
6553	22
6554	22
6555	22
6556	22
6557	22
6558	22
6559	22
6560	22
6561	22
6562	22
6563	22
6564	22
6565	22
6566	22
6567	22
6568	22
6569	22
6570	22
6571	22
6572	22
6573	22
6574	22
6575	22
6576	22
6577	22
6578	22
6579	22
6580	22
6581	22
6582	22
6583	22
6584	22
6585	22
6586	22
6587	23
6588	23
6589	23
6590	23
6591	22
6592	22
6593	22
6594	22
6595	22
6596	22
6597	22
6598	22
6599	22
6600	22
6601	22
6602	22
6603	22
6604	22
6605	22
6606	22
6607	22
6608	22
6609	22
6610	22
6611	22
6612	22
6613	22
6614	22
6615	22
6616	22
6617	22
6618	22
6619	22
6620	22
6621	22
6622	22
6623	22
6624	22
6625	22
6626	22
6627	22
6628	22
6629	22
6630	22
6631	22
6632	22
6633	22
6634	22
6635	22
6636	22
6637	22
6638	22
6639	22
6640	23
6641	23
6642	23
6643	23
6644	23
6645	23
6646	23
6647	23
6648	23
6649	23
6650	23
6651	23
6652	23
6653	23
6654	23
6655	23
6656	23
6657	23
6658	23
6659	23
6660	23
6661	23
6662	24
6663	24
6664	24
6665	24
6666	24
6667	24
6668	24
6669	24
6670	24
6671	23
6672	23
6673	24
6674	24
6675	24
6676	25
6677	24
6678	24
6679	24
6680	24
6681	25
6682	25
6683	24
6684	24
6685	24
6686	24
6687	24
6688	24
6689	24
6690	24
6691	24
6692	25
6693	24
6694	25
6695	23
6696	23
6697	23
6698	23
6699	23
6700	23
6701	23
6702	23
6703	23
6704	23
6705	23
6706	23
6707	23
6708	23
6709	23
6710	23
6711	23
6712	23
6713	23
6714	23
6715	23
6716	23
6717	23
6718	23
6719	23
6720	23
6721	23
6722	23
6723	23
6724	23
6725	24
6726	24
6727	24
6728	24
6729	25
6730	25
6731	24
6732	24
6733	24
6734	24
6735	24
6736	24
6737	24
6738	24
6739	24
6740	24
6741	24
6742	24
6743	24
6744	24
6745	24
6746	24
6747	24
6748	24
6749	24
6750	24
6751	24
6752	24
6753	24
6754	24
6755	24
6756	24
6757	25
6758	24
6759	24
6760	24
6761	24
6762	24
6763	24
6764	24
6765	24
6766	24
6767	25
6768	24
6769	24
6770	24
6771	24
6772	24
6773	24
6774	24
6775	24
6776	24
6777	24
6778	24
6779	24
6780	24
6781	24
6782	24
6783	24
6784	24
6785	24
6786	24
6787	24
6788	24
6789	24
6790	24
6791	24
6792	24
6793	24
6794	24
6795	24
6796	24
6797	24
6798	24
6799	24
6800	24
6801	24
6802	24
6803	24
6804	24
6805	24
6806	24
6807	24
6808	24
6809	24
6810	24
6811	24
6812	24
6813	24
6814	24
6815	24
6816	24
6817	24
6818	24
6819	24
6820	24
6821	24
6822	25
6823	25
6824	24
6825	24
6826	24
6827	24
6828	24
6829	24
6830	24
6831	24
6832	24
6833	24
6834	24
6835	24
6836	24
6837	24
6838	24
6839	24
6840	24
6841	24
6842	24
6843	24
6844	24
6845	24
6846	24
6847	24
6848	24
6849	24
6850	24
6851	24
6852	24
6853	24
6854	24
6855	24
6856	24
6857	24
6858	24
6859	24
6860	24
6861	24
6862	24
6863	24
6864	24
6865	24
6866	24
6867	24
6868	24
6869	24
6870	24
6871	24
6872	24
6873	24
6874	25
6875	24
6876	24
6877	24
6878	24
6879	24
6880	24
6881	24
6882	24
6883	24
6884	24
6885	24
6886	24
6887	24
6888	24
6889	26
6890	27
6891	27
6892	27
6893	27
6894	26
6895	26
6896	26
6897	26
6898	25
6899	25
6900	25
6901	25
6902	25
6903	25
6904	25
6905	25
6906	25
6907	25
6908	25
6909	25
6910	25
6911	25
6912	25
6913	25
6914	25
6915	25
6916	25
6917	25
6918	25
6919	25
6920	25
6921	25
6922	25
6923	25
6924	26
6925	27
6926	27
6927	27
6928	27
6929	27
6930	27
6931	27
6932	27
6933	26
6934	26
6935	26
6936	26
6937	25
6938	25
6939	25
6940	25
6941	25
6942	26
6943	26
6944	25
6945	25
6946	25
6947	25
6948	25
6949	25
6950	25
6951	25
6952	25
6953	25
6954	25
6955	25
6956	25
6957	25
6958	25
6959	25
6960	25
6961	25
6962	25
6963	25
6964	25
6965	25
6966	25
6967	25
6968	24
6969	24
6970	24
6971	24
6972	24
6973	24
6974	24
6975	24
6976	24
6977	24
6978	24
6979	24
6980	24
6981	24
6982	24
6983	24
6984	24
6985	24
6986	24
6987	24
6988	24
6989	24
6990	24
6991	24
6992	24
6993	24
6994	24
6995	24
6996	24
6997	24
6998	24
6999	24
7000	24
7001	24
7002	24
7003	24
7004	24
7005	24
7006	24
7007	24
7008	24
7009	24
7010	24
7011	24
7012	24
7013	24
7014	24
7015	25
7016	24
7017	24
7018	24
7019	24
7020	24
7021	24
7022	24
7023	24
7024	24
7025	24
7026	24
7027	24
7028	24
7029	24
7030	24
7031	24
7032	24
7033	24
7034	24
7035	25
7036	25
7037	25
7038	24
7039	24
7040	24
7041	24
7042	24
7043	24
7044	24
7045	24
7046	24
7047	24
7048	24
7049	24
7050	24
7051	24
7052	24
7053	24
7054	24
7055	25
7056	24
7057	24
7058	24
7059	24
7060	24
7061	24
7062	24
7063	24
7064	24
7065	24
7066	24
7067	24
7068	24
7069	24
7070	24
7071	24
7072	24
7073	24
7074	24
7075	24
7076	24
7077	24
7078	24
7079	25
7080	25
7081	24
7082	24
7083	24
7084	24
7085	24
7086	24
7087	24
7088	24
7089	24
7090	24
7091	24
7092	24
7093	24
7094	24
7095	25
7096	25
7097	25
7098	24
7099	24
7100	24
7101	24
7102	24
7103	24
7104	24
7105	25
7106	25
7107	25
7108	25
7109	25
7110	25
7111	25
7112	25
7113	25
7114	25
7115	25
7116	25
7117	25
7118	25
7119	25
7120	25
7121	25
7122	25
7123	25
7124	25
7125	25
7126	25
7127	25
7128	25
7129	25
7130	25
7131	25
7132	25
7133	25
7134	25
7135	25
7136	25
7137	25
7138	25
7139	25
7140	25
7141	25
7142	25
7143	25
7144	25
7145	25
7146	25
7147	25
7148	25
7149	25
7150	25
7151	25
7152	25
7153	25
7154	25
7155	25
7156	25
7157	25
7158	25
7159	25
7160	25
7161	25
7162	25
7163	26
7164	26
7165	25
7166	25
7167	25
7168	25
7169	25
7170	25
7171	25
7172	25
7173	25
7174	25
7175	25
7176	25
7177	25
7178	25
7179	25
7180	25
7181	25
7182	25
7183	25
7184	25
7185	25
7186	25
7187	25
7188	25
7189	25
7190	25
7191	25
7192	25
7193	25
7194	25
7195	25
7196	26
7197	26
7198	26
7199	26
7200	26
7201	26
7202	26
7203	26
7204	25
7205	25
7206	25
7207	25
7208	25
7209	25
7210	25
7211	25
7212	25
7213	26
7214	25
7215	25
7216	25
7217	25
7218	25
7219	25
7220	25
7221	25
7222	25
7223	25
7224	25
7225	25
7226	25
7227	25
7228	25
7229	25
7230	25
7231	25
7232	26
7233	25
7234	25
7235	25
7236	25
7237	25
7238	25
7239	25
7240	25
7241	25
7242	25
7243	25
7244	25
7245	25
7246	25
7247	25
7248	25
7249	25
7250	25
7251	25
7252	25
7253	25
7254	25
7255	25
7256	25
7257	25
7258	25
7259	25
7260	25
7261	25
7262	25
7263	25
7264	26
7265	26
7266	26
7267	26
7268	26
7269	26
7270	25
7271	25
7272	25
7273	25
7274	25
7275	25
7276	25
7277	25
7278	25
7279	25
7280	25
7281	25
7282	25
7283	25
7284	25
7285	25
7286	25
7287	25
7288	25
7289	26
7290	26
7291	26
7292	26
7293	26
7294	26
7295	26
7296	26
7297	26
7298	26
7299	25
7300	25
7301	25
7302	25
7303	25
7304	25
7305	26
7306	25
7307	25
7308	25
7309	25
7310	25
7311	25
7312	25
7313	25
7314	25
7315	25
7316	25
7317	25
7318	25
7319	25
7320	25
7321	25
7322	25
7323	25
7324	25
7325	25
7326	25
7327	25
7328	25
7329	25
7330	25
7331	25
7332	25
7333	25
7334	25
7335	25
7336	25
7337	25
7338	25
7339	25
7340	25
7341	25
7342	25
7343	26
7344	26
7345	26
7346	26
7347	26
7348	26
7349	26
7350	26
7351	26
7352	26
7353	26
7354	26
7355	26
7356	26
7357	26
7358	26
7359	26
7360	26
7361	26
7362	26
7363	26
7364	26
7365	26
7366	26
7367	26
7368	26
7369	26
7370	26
7371	26
7372	26
7373	26
7374	26
7375	26
7376	26
7377	26
7378	26
7379	26
7380	27
7381	27
7382	27
7383	27
7384	27
7385	27
7386	27
7387	27
7388	27
7389	27
7390	27
7391	27
7392	27
7393	27
7394	27
7395	27
7396	27
7397	27
7398	27
7399	27
7400	27
7401	27
7402	27
7403	27
7404	27
7405	27
7406	27
7407	27
7408	26
7409	26
7410	26
7411	26
7412	26
7413	27
7414	26
7415	26
7416	26
7417	26
7418	26
7419	26
7420	26
7421	26
7422	26
7423	26
7424	26
7425	26
7426	26
7427	27
7428	27
7429	27
7430	26
7431	26
7432	25
7433	25
7434	25
7435	25
7436	25
7437	25
7438	25
7439	25
7440	25
7441	25
7442	25
7443	25
7444	25
7445	25
7446	25
7447	25
7448	25
7449	25
7450	25
7451	25
7452	25
7453	25
7454	25
7455	25
7456	25
7457	25
7458	25
7459	25
7460	25
7461	25
7462	25
7463	25
7464	25
7465	25
7466	25
7467	25
7468	25
7469	25
7470	25
7471	25
7472	25
7473	25
7474	25
7475	25
7476	25
7477	25
7478	25
7479	25
7480	25
7481	25
7482	25
7483	25
7484	25
7485	25
7486	25
7487	25
7488	25
7489	25
7490	25
7491	25
7492	25
7493	25
7494	25
7495	25
7496	25
7497	25
7498	25
7499	25
7500	25
7501	25
7502	25
7503	25
7504	25
7505	25
7506	25
7507	25
7508	26
7509	26
7510	26
7511	26
7512	26
7513	26
7514	26
7515	26
7516	26
7517	26
7518	26
7519	26
7520	26
7521	26
7522	26
7523	26
7524	26
7525	26
7526	26
7527	26
7528	26
7529	26
7530	26
7531	26
7532	26
7533	26
7534	26
7535	26
7536	26
7537	26
7538	26
7539	26
7540	26
7541	26
7542	26
7543	26
7544	26
7545	26
7546	26
7547	26
7548	26
7549	26
7550	26
7551	26
7552	26
7553	26
7554	26
7555	26
7556	26
7557	26
7558	26
7559	26
7560	26
7561	26
7562	26
7563	27
7564	27
7565	26
7566	27
7567	27
7568	27
7569	27
7570	27
7571	27
7572	27
7573	27
7574	27
7575	26
7576	26
7577	26
7578	26
7579	26
7580	26
7581	26
7582	26
7583	26
7584	26
7585	26
7586	26
7587	26
7588	26
7589	26
7590	26
7591	26
7592	26
7593	26
7594	26
7595	26
7596	26
7597	26
7598	26
7599	26
7600	26
7601	26
7602	26
7603	26
7604	26
7605	26
7606	26
7607	26
7608	26
7609	26
7610	26
7611	26
7612	26
7613	26
7614	26
7615	26
7616	26
7617	26
7618	26
7619	26
7620	26
7621	26
7622	26
7623	26
7624	26
7625	26
7626	26
7627	26
7628	26
7629	26
7630	26
7631	26
7632	26
7633	26
7634	26
7635	26
7636	26
7637	26
7638	26
7639	26
7640	26
7641	26
7642	26
7643	26
7644	26
7645	26
7646	26
7647	26
7648	26
7649	26
7650	26
7651	26
7652	26
7653	26
7654	26
7655	26
7656	26
7657	26
7658	26
7659	26
7660	26
7661	26
7662	26
7663	26
7664	26
7665	26
7666	26
7667	26
7668	26
7669	27
7670	26
7671	26
7672	26
7673	26
7674	26
7675	26
7676	26
7677	26
7678	26
7679	26
7680	26
7681	26
7682	26
7683	26
7684	28
7685	28
7686	28
7687	27
7688	27
7689	26
7690	26
7691	26
7692	26
7693	26
7694	26
7695	26
7696	26
7697	26
7698	26
7699	26
7700	26
7701	26
7702	26
7703	26
7704	26
7705	26
7706	26
7707	26
7708	26
7709	26
7710	26
7711	26
7712	26
7713	26
7714	26
7715	26
7716	26
7717	26
7718	26
7719	26
7720	26
7721	26
7722	26
7723	26
7724	26
7725	26
7726	26
7727	26
7728	26
7729	26
7730	26
7731	26
7732	26
7733	26
7734	26
7735	26
7736	26
7737	26
7738	26
7739	26
7740	26
7741	26
7742	26
7743	26
7744	26
7745	26
7746	26
7747	26
7748	26
7749	26
7750	26
7751	26
7752	26
7753	26
7754	26
7755	26
7756	26
7757	26
7758	26
7759	26
7760	26
7761	26
7762	26
7763	26
7764	26
7765	26
7766	26
7767	26
7768	26
7769	26
7770	26
7771	26
7772	26
7773	27
7774	27
7775	27
7776	27
7777	27
7778	27
7779	27
7780	26
7781	26
7782	26
7783	26
7784	26
7785	26
7786	26
7787	26
7788	26
7789	26
7790	26
7791	26
7792	26
7793	26
7794	26
7795	26
7796	26
7797	26
7798	26
7799	26
7800	26
7801	26
7802	26
7803	26
7804	27
7805	27
7806	27
7807	27
7808	28
7809	28
7810	27
7811	27
7812	27
7813	27
7814	28
7815	28
7816	28
7817	28
7818	28
7819	28
7820	28
7821	28
7822	28
7823	28
7824	28
7825	28
7826	28
7827	28
7828	28
7829	28
7830	29
7831	29
7832	28
7833	27
7834	27
7835	27
7836	26
7837	26
7838	26
7839	26
7840	26
7841	26
7842	26
7843	26
7844	26
7845	26
7846	26
7847	26
7848	26
7849	27
7850	26
7851	26
7852	26
7853	26
7854	26
7855	26
7856	26
7857	26
7858	26
7859	26
7860	26
7861	26
7862	26
7863	26
7864	26
7865	26
7866	26
7867	26
7868	26
7869	26
7870	26
7871	26
7872	26
7873	26
7874	26
7875	27
7876	27
7877	27
7878	27
7879	27
7880	27
7881	27
7882	27
7883	27
7884	27
7885	27
7886	27
7887	27
7888	27
7889	27
7890	27
7891	27
7892	28
7893	28
7894	28
7895	27
7896	27
7897	27
7898	27
7899	27
7900	27
7901	27
7902	27
7903	27
7904	28
7905	28
7906	28
7907	28
7908	28
7909	27
7910	27
7911	27
7912	27
7913	27
7914	27
7915	27
7916	27
7917	27
7918	27
7919	27
7920	27
7921	27
7922	27
7923	27
7924	27
7925	27
7926	27
7927	27
7928	27
7929	27
7930	27
7931	27
7932	27
7933	27
7934	27
7935	27
7936	27
7937	27
7938	27
7939	27
7940	27
7941	27
7942	27
7943	27
7944	27
7945	27
7946	27
7947	27
7948	27
7949	27
7950	27
7951	27
7952	27
7953	27
7954	28
7955	28
7956	28
7957	28
7958	28
7959	28
7960	28
7961	28
7962	28
7963	28
7964	28
7965	27
7966	27
7967	27
7968	27
7969	27
7970	27
7971	27
7972	27
7973	28
7974	27
7975	27
7976	27
7977	27
7978	27
7979	27
7980	27
7981	27
7982	27
7983	27
7984	27
7985	27
7986	27
7987	27
7988	27
7989	27
7990	27
7991	27
7992	27
7993	27
7994	27
7995	27
7996	27
7997	27
7998	27
7999	27
8000	27
8001	27
8002	27
8003	27
8004	27
8005	27
8006	27
8007	27
8008	27
8009	27
8010	27
8011	27
8012	27
8013	27
8014	27
8015	27
8016	27
8017	27
8018	27
8019	27
8020	27
8021	27
8022	28
8023	28
8024	28
8025	28
8026	28
8027	27
8028	27
8029	27
8030	27
8031	27
8032	27
8033	27
8034	27
8035	27
8036	27
8037	27
8038	27
8039	27
8040	27
8041	27
8042	27
8043	27
8044	27
8045	27
8046	27
8047	27
8048	27
8049	27
8050	27
8051	27
8052	27
8053	27
8054	27
8055	27
8056	27
8057	27
8058	28
8059	27
8060	27
8061	27
8062	27
8063	27
8064	27
8065	27
8066	27
8067	27
8068	27
8069	27
8070	27
8071	27
8072	27
8073	27
8074	27
8075	27
8076	27
8077	27
8078	27
8079	27
8080	27
8081	27
8082	27
8083	27
8084	27
8085	27
8086	27
8087	27
8088	27
8089	27
8090	27
8091	27
8092	27
8093	27
8094	27
8095	27
8096	27
8097	27
8098	27
8099	27
8100	27
8101	27
8102	27
8103	27
8104	27
8105	27
8106	27
8107	27
8108	27
8109	27
8110	27
8111	27
8112	27
8113	27
8114	27
8115	27
8116	27
8117	27
8118	27
8119	27
8120	27
8121	27
8122	27
8123	27
8124	27
8125	27
8126	28
8127	28
8128	28
8129	28
8130	27
8131	27
8132	27
8133	27
8134	27
8135	27
8136	27
8137	27
8138	27
8139	27
8140	27
8141	28
8142	28
8143	28
8144	28
8145	29
8146	28
8147	28
8148	28
8149	28
8150	28
8151	27
8152	27
8153	27
8154	28
8155	28
8156	28
8157	28
8158	28
8159	29
8160	29
8161	27
8162	27
8163	27
8164	27
8165	27
8166	27
8167	27
8168	27
8169	27
8170	27
8171	27
8172	27
8173	27
8174	27
8175	28
8176	27
8177	27
8178	27
8179	27
8180	27
8181	27
8182	27
8183	27
8184	27
8185	27
8186	27
8187	27
8188	27
8189	28
8190	28
8191	27
8192	27
8193	27
8194	27
8195	27
8196	27
8197	27
8198	27
8199	27
8200	27
8201	27
8202	27
8203	27
8204	27
8205	27
8206	27
8207	27
8208	27
8209	27
8210	27
8211	27
8212	27
8213	27
8214	27
8215	27
8216	28
8217	27
8218	27
8219	27
8220	27
8221	27
8222	27
8223	27
8224	27
8225	27
8226	27
8227	27
8228	27
8229	27
8230	27
8231	27
8232	27
8233	27
8234	27
8235	27
8236	27
8237	27
8238	27
8239	27
8240	27
8241	27
8242	27
8243	27
8244	27
8245	27
8246	27
8247	27
8248	27
8249	27
8250	27
8251	27
8252	27
8253	27
8254	27
8255	27
8256	27
8257	27
8258	27
8259	28
8260	28
8261	28
8262	27
8263	27
8264	27
8265	27
8266	27
8267	27
8268	28
8269	27
8270	27
8271	27
8272	27
8273	27
8274	27
8275	27
8276	27
8277	27
8278	27
8279	27
8280	27
8281	27
8282	27
8283	27
8284	27
8285	27
8286	27
8287	27
8288	27
8289	27
8290	27
8291	27
8292	27
8293	27
8294	27
8295	27
8296	27
8297	27
8298	28
8299	28
8300	28
8301	28
8302	28
8303	28
8304	28
8305	28
8306	28
8307	28
8308	28
8309	28
8310	28
8311	28
8312	28
8313	28
8314	28
8315	28
8316	28
8317	28
8318	28
8319	28
8320	28
8321	28
8322	28
8323	28
8324	28
8325	28
8326	28
8327	28
8328	28
8329	28
8330	28
8331	29
8332	28
8333	28
8334	28
8335	28
8336	28
8337	28
8338	28
8339	28
8340	29
8341	28
8342	28
8343	28
8344	28
8345	28
8346	28
8347	28
8348	28
8349	28
8350	28
8351	28
8352	28
8353	28
8354	28
8355	28
8356	28
8357	28
8358	28
8359	28
8360	28
8361	28
8362	28
8363	28
8364	28
8365	28
8366	28
8367	28
8368	28
8369	28
8370	28
8371	28
8372	28
8373	28
8374	28
8375	28
8376	29
8377	29
8378	28
8379	28
8380	28
8381	28
8382	28
8383	28
8384	28
8385	28
8386	28
8387	28
8388	28
8389	28
8390	28
8391	28
8392	28
8393	28
8394	28
8395	28
8396	29
8397	29
8398	29
8399	29
8400	29
8401	29
8402	29
8403	29
8404	29
8405	29
8406	28
8407	28
8408	28
8409	28
8410	28
8411	28
8412	28
8413	28
8414	29
8415	29
8416	29
8417	29
8418	29
8419	29
8420	29
8421	29
8422	29
8423	29
8424	29
8425	29
8426	29
8427	29
8428	29
8429	28
8430	28
8431	28
8432	28
8433	28
8434	28
8435	28
8436	28
8437	28
8438	28
8439	28
8440	28
8441	28
8442	28
8443	28
8444	28
8445	28
8446	28
8447	28
8448	28
8449	28
8450	28
8451	28
8452	28
8453	28
8454	28
8455	28
8456	28
8457	28
8458	28
8459	28
8460	28
8461	28
8462	28
8463	28
8464	28
8465	28
8466	28
8467	28
8468	28
8469	28
8470	28
8471	28
8472	28
8473	29
8474	29
8475	29
8476	29
8477	29
8478	29
8479	29
8480	29
8481	29
8482	29
8483	29
8484	29
8485	29
8486	29
8487	29
8488	29
8489	28
8490	29
8491	29
8492	28
8493	28
8494	29
8495	29
8496	28
8497	28
8498	28
8499	28
8500	28
8501	28
8502	28
8503	28
8504	28
8505	28
8506	28
8507	28
8508	28
8509	28
8510	28
8511	28
8512	28
8513	28
8514	29
8515	28
8516	28
8517	28
8518	28
8519	28
8520	28
8521	28
8522	28
8523	28
8524	28
8525	28
8526	28
8527	28
8528	28
8529	28
8530	28
8531	28
8532	28
8533	28
8534	28
8535	28
8536	28
8537	28
8538	28
8539	28
8540	28
8541	28
8542	28
8543	28
8544	28
8545	28
8546	28
8547	28
8548	28
8549	28
8550	28
8551	28
8552	28
8553	28
8554	28
8555	28
8556	28
8557	28
8558	29
8559	29
8560	29
8561	29
8562	29
8563	28
8564	28
8565	28
8566	28
8567	28
8568	28
8569	28
8570	28
8571	28
8572	28
8573	28
8574	28
8575	28
8576	28
8577	28
8578	28
8579	28
8580	28
8581	29
8582	28
8583	28
8584	28
8585	29
8586	29
8587	29
8588	28
8589	28
8590	28
8591	28
8592	28
8593	28
8594	28
8595	28
8596	28
8597	28
8598	28
8599	28
8600	28
8601	28
8602	28
8603	28
8604	28
8605	28
8606	28
8607	28
8608	28
8609	28
8610	28
8611	28
8612	28
8613	28
8614	28
8615	28
8616	28
8617	28
8618	28
8619	28
8620	28
8621	28
8622	28
8623	28
8624	28
8625	28
8626	28
8627	28
8628	28
8629	28
8630	28
8631	28
8632	28
8633	28
8634	28
8635	28
8636	28
8637	28
8638	28
8639	28
8640	28
8641	28
8642	28
8643	28
8644	28
8645	28
8646	28
8647	28
8648	28
8649	28
8650	28
8651	28
8652	28
8653	28
8654	28
8655	28
8656	28
8657	28
8658	28
8659	28
8660	28
8661	28
8662	28
8663	28
8664	28
8665	28
8666	28
8667	28
8668	28
8669	28
8670	28
8671	28
8672	28
8673	28
8674	28
8675	28
8676	28
8677	28
8678	28
8679	28
8680	28
8681	28
8682	28
8683	28
8684	28
8685	28
8686	28
8687	28
8688	28
8689	29
8690	29
8691	29
8692	29
8693	29
8694	29
8695	29
8696	29
8697	29
8698	29
8699	29
8700	29
8701	29
8702	29
8703	29
8704	29
8705	29
8706	29
8707	29
8708	29
8709	29
8710	29
8711	29
8712	29
8713	29
8714	29
8715	29
8716	29
8717	29
8718	29
8719	29
8720	29
8721	29
8722	29
8723	29
8724	29
8725	29
8726	29
8727	29
8728	29
8729	29
8730	29
8731	29
8732	29
8733	29
8734	29
8735	29
8736	29
8737	29
8738	29
8739	29
8740	29
8741	29
8742	29
8743	29
8744	29
8745	29
8746	29
8747	29
8748	29
8749	29
8750	29
8751	29
8752	29
8753	29
8754	29
8755	29
8756	29
8757	29
8758	29
8759	29
8760	29
8761	29
8762	29
8763	29
8764	29
8765	30
8766	30
8767	30
8768	30
8769	30
8770	31
8771	31
8772	30
8773	31
8774	30
8775	29
8776	29
8777	28
8778	28
8779	28
8780	28
8781	28
8782	28
8783	28
8784	28
8785	28
8786	28
8787	28
8788	28
8789	28
8790	28
8791	28
8792	29
8793	29
8794	29
8795	29
8796	29
8797	29
8798	29
8799	29
8800	29
8801	29
8802	28
8803	28
8804	28
8805	28
8806	28
8807	28
8808	28
8809	28
8810	28
8811	28
8812	28
8813	28
8814	28
8815	28
8816	28
8817	28
8818	28
8819	28
8820	28
8821	28
8822	28
8823	28
8824	28
8825	28
8826	28
8827	28
8828	28
8829	28
8830	28
8831	28
8832	28
8833	28
8834	28
8835	28
8836	28
8837	28
8838	28
8839	28
8840	28
8841	28
8842	28
8843	28
8844	28
8845	28
8846	28
8847	28
8848	28
8849	28
8850	28
8851	28
8852	28
8853	28
8854	28
8855	28
8856	28
8857	28
8858	28
8859	28
8860	28
8861	28
8862	28
8863	28
8864	28
8865	28
8866	28
8867	28
8868	28
8869	28
8870	28
8871	28
8872	28
8873	28
8874	29
8875	29
8876	29
8877	29
8878	29
8879	29
8880	30
8881	30
8882	30
8883	29
8884	28
8885	28
8886	28
8887	28
8888	28
8889	28
8890	28
8891	28
8892	28
8893	28
8894	28
8895	28
8896	28
8897	28
8898	29
8899	28
8900	28
8901	28
8902	28
8903	28
8904	28
8905	28
8906	28
8907	28
8908	28
8909	28
8910	28
8911	28
8912	28
8913	28
8914	28
8915	28
8916	28
8917	28
8918	28
8919	28
8920	28
8921	28
8922	28
8923	28
8924	28
8925	28
8926	28
8927	28
8928	28
8929	28
8930	28
8931	28
8932	28
8933	29
8934	29
8935	29
8936	29
8937	28
8938	28
8939	28
8940	28
8941	28
8942	28
8943	28
8944	28
8945	28
8946	28
8947	28
8948	28
8949	28
8950	28
8951	28
8952	28
8953	28
8954	28
8955	28
8956	28
8957	28
8958	28
8959	28
8960	28
8961	28
8962	28
8963	29
8964	29
8965	30
8966	30
8967	30
8968	30
8969	30
8970	30
8971	30
8972	30
8973	29
8974	29
8975	29
8976	29
8977	29
8978	29
8979	29
8980	29
8981	29
8982	29
8983	29
8984	29
8985	29
8986	29
8987	29
8988	29
8989	29
8990	29
8991	29
8992	29
8993	29
8994	30
8995	30
8996	30
8997	30
8998	30
8999	30
9000	30
9001	30
9002	30
9003	30
9004	32
9005	31
9006	31
9007	30
9008	30
9009	30
9010	30
9011	30
9012	30
9013	30
9014	30
9015	29
9016	29
9017	28
9018	28
9019	28
9020	28
9021	28
9022	28
9023	28
9024	28
9025	28
9026	28
9027	28
9028	28
9029	28
9030	28
9031	28
9032	28
9033	28
9034	28
9035	28
9036	28
9037	28
9038	28
9039	28
9040	28
9041	28
9042	28
9043	28
9044	28
9045	28
9046	28
9047	28
9048	29
9049	28
9050	28
9051	28
9052	28
9053	28
9054	28
9055	28
9056	28
9057	28
9058	28
9059	28
9060	28
9061	28
9062	28
9063	28
9064	28
9065	28
9066	28
9067	28
9068	28
9069	28
9070	28
9071	28
9072	28
9073	28
9074	28
9075	28
9076	28
9077	28
9078	29
9079	29
9080	29
9081	28
9082	28
9083	28
9084	29
9085	29
9086	29
9087	29
9088	29
9089	29
9090	29
9091	28
9092	29
9093	28
9094	28
9095	28
9096	28
9097	28
9098	28
9099	28
9100	28
9101	28
9102	28
9103	28
9104	28
9105	28
9106	28
9107	28
9108	28
9109	28
9110	28
9111	28
9112	28
9113	28
9114	29
9115	29
9116	29
9117	29
9118	28
9119	28
9120	28
9121	28
9122	28
9123	28
9124	28
9125	28
9126	28
9127	28
9128	28
9129	28
9130	28
9131	28
9132	28
9133	28
9134	28
9135	28
9136	28
9137	28
9138	28
9139	28
9140	28
9141	28
9142	28
9143	28
9144	28
9145	28
9146	28
9147	28
9148	28
9149	28
9150	28
9151	28
9152	28
9153	28
9154	28
9155	28
9156	28
9157	28
9158	28
9159	28
9160	28
9161	28
9162	28
9163	28
9164	28
9165	28
9166	28
9167	28
9168	28
9169	28
9170	28
9171	28
9172	28
9173	28
9174	28
9175	28
9176	28
9177	28
9178	28
9179	28
9180	28
9181	28
9182	28
9183	28
9184	28
9185	28
9186	28
9187	28
9188	28
9189	28
9190	29
9191	29
9192	29
9193	29
9194	29
9195	29
9196	30
9197	30
9198	30
9199	30
9200	29
9201	29
9202	29
9203	29
9204	29
9205	29
9206	29
9207	29
9208	29
9209	29
9210	29
9211	29
9212	29
9213	29
9214	29
9215	29
9216	29
9217	29
9218	29
9219	29
9220	29
9221	29
9222	29
9223	29
9224	29
9225	29
9226	30
9227	30
9228	30
9229	29
9230	29
9231	29
9232	29
9233	29
9234	29
9235	29
9236	29
9237	29
9238	29
9239	29
9240	29
9241	29
9242	29
9243	29
9244	29
9245	29
9246	29
9247	29
9248	29
9249	29
9250	29
9251	29
9252	29
9253	29
9254	29
9255	29
9256	29
9257	29
9258	29
9259	29
9260	29
9261	29
9262	29
9263	29
9264	29
9265	29
9266	29
9267	29
9268	29
9269	29
9270	29
9271	29
9272	29
9273	29
9274	29
9275	29
9276	29
9277	29
9278	29
9279	29
9280	28
9281	28
9282	28
9283	28
9284	29
9285	29
9286	28
9287	28
9288	28
9289	28
9290	28
9291	28
9292	28
9293	29
9294	29
9295	29
9296	29
9297	29
9298	29
9299	29
9300	29
9301	29
9302	29
9303	28
9304	28
9305	28
9306	28
9307	28
9308	28
9309	28
9310	28
9311	28
9312	28
9313	28
9314	28
9315	28
9316	28
9317	28
9318	28
9319	28
9320	28
9321	28
9322	28
9323	28
9324	28
9325	28
9326	28
9327	28
9328	28
9329	28
9330	28
9331	28
9332	28
9333	28
9334	28
9335	28
9336	28
9337	28
9338	28
9339	28
9340	28
9341	28
9342	28
9343	28
9344	28
9345	28
9346	28
9347	28
9348	29
9349	28
9350	28
9351	29
9352	29
9353	29
9354	29
9355	29
9356	29
9357	28
9358	28
9359	28
9360	28
9361	28
9362	28
9363	28
9364	28
9365	28
9366	28
9367	28
9368	28
9369	28
9370	28
9371	28
9372	28
9373	28
9374	28
9375	28
9376	28
9377	28
9378	29
9379	29
9380	28
9381	28
9382	28
9383	28
9384	28
9385	28
9386	28
9387	28
9388	28
9389	28
9390	28
9391	28
9392	28
9393	28
9394	28
9395	29
9396	28
9397	28
9398	28
9399	28
9400	29
9401	29
9402	29
9403	28
9404	28
9405	28
9406	28
9407	28
9408	28
9409	28
9410	28
9411	28
9412	28
9413	28
9414	28
9415	28
9416	28
9417	28
9418	28
9419	28
9420	29
9421	29
9422	29
9423	29
9424	29
9425	29
9426	28
9427	29
9428	29
9429	28
9430	28
9431	29
9432	29
9433	29
9434	29
9435	29
9436	29
9437	29
9438	29
9439	29
9440	29
9441	29
9442	29
9443	29
9444	29
9445	29
9446	29
9447	29
9448	29
9449	28
9450	28
9451	29
9452	28
9453	29
9454	28
9455	28
9456	28
9457	28
9458	28
9459	28
9460	28
9461	28
9462	28
9463	28
9464	28
9465	28
9466	28
9467	29
9468	29
9469	29
9470	29
9471	29
9472	28
9473	28
9474	28
9475	28
9476	28
9477	28
9478	28
9479	28
9480	28
9481	28
9482	28
9483	28
9484	28
9485	28
9486	28
9487	28
9488	28
9489	28
9490	28
9491	28
9492	28
9493	28
9494	28
9495	28
9496	28
9497	29
9498	28
9499	28
9500	28
9501	28
9502	28
9503	28
9504	28
9505	28
9506	28
9507	28
9508	28
9509	28
9510	28
9511	28
9512	28
9513	28
9514	28
9515	28
9516	28
9517	28
9518	28
9519	28
9520	28
9521	28
9522	28
9523	28
9524	28
9525	28
9526	28
9527	28
9528	28
9529	28
9530	28
9531	28
9532	28
9533	28
9534	28
9535	28
9536	28
9537	28
9538	28
9539	28
9540	28
9541	28
9542	28
9543	28
9544	28
9545	28
9546	28
9547	28
9548	28
9549	28
9550	28
9551	28
9552	28
9553	28
9554	28
9555	28
9556	28
9557	28
9558	28
9559	28
9560	28
9561	28
9562	29
9563	29
9564	29
9565	29
9566	29
9567	29
9568	30
9569	30
9570	30
9571	30
9572	30
9573	30
9574	29
9575	29
9576	29
9577	29
9578	29
9579	29
9580	29
9581	29
9582	29
9583	28
9584	28
9585	29
9586	28
9587	28
9588	28
9589	28
9590	28
9591	28
9592	28
9593	28
9594	28
9595	28
9596	28
9597	28
9598	29
9599	28
9600	28
9601	28
9602	28
9603	28
9604	28
9605	28
9606	28
9607	28
9608	28
9609	28
9610	28
9611	28
9612	28
9613	28
9614	29
9615	29
9616	29
9617	29
9618	29
9619	29
9620	30
9621	30
9622	30
9623	29
9624	29
9625	29
9626	29
9627	29
9628	29
9629	29
9630	29
9631	29
9632	29
9633	29
9634	29
9635	29
9636	29
9637	29
9638	29
9639	29
9640	29
9641	29
9642	29
9643	30
9644	30
9645	30
9646	29
9647	29
9648	29
9649	29
9650	29
9651	29
9652	29
9653	29
9654	29
9655	29
9656	29
9657	29
9658	29
9659	29
9660	29
9661	29
9662	29
9663	29
9664	29
9665	29
9666	29
9667	29
9668	29
9669	29
9670	29
9671	29
9672	29
9673	29
9674	29
9675	29
9676	29
9677	29
9678	29
9679	29
9680	29
9681	29
9682	29
9683	29
9684	29
9685	29
9686	29
9687	29
9688	29
9689	29
9690	29
9691	29
9692	30
9693	30
9694	30
9695	30
9696	30
9697	30
9698	30
9699	30
9700	30
9701	30
9702	31
9703	31
9704	31
9705	29
9706	29
9707	29
9708	29
9709	29
9710	29
9711	29
9712	29
9713	29
9714	29
9715	29
9716	30
9717	30
9718	30
9719	29
9720	29
9721	29
9722	29
9723	29
9724	29
9725	29
9726	29
9727	29
9728	29
9729	29
9730	29
9731	29
9732	29
9733	29
9734	29
9735	29
9736	29
9737	29
9738	29
9739	29
9740	29
9741	29
9742	29
9743	29
9744	29
9745	30
9746	30
9747	30
9748	30
9749	29
9750	29
9751	29
9752	29
9753	29
9754	29
9755	29
9756	29
9757	29
9758	29
9759	29
9760	30
9761	30
9762	30
9763	30
9764	30
9765	30
9766	29
9767	29
9768	29
9769	29
9770	29
9771	29
9772	29
9773	29
9774	29
9775	29
9776	29
9777	29
9778	29
9779	29
9780	30
9781	30
9782	30
9783	30
9784	30
9785	30
9786	30
9787	30
9788	29
9789	29
9790	29
9791	29
9792	30
9793	30
9794	30
9795	30
9796	29
9797	29
9798	29
9799	29
9800	29
9801	29
9802	29
9803	29
9804	29
9805	29
9806	29
9807	29
9808	29
9809	29
9810	30
9811	29
9812	29
9813	29
9814	29
9815	29
9816	29
9817	29
9818	29
9819	29
9820	29
9821	29
9822	29
9823	29
9824	29
9825	29
9826	29
9827	29
9828	29
9829	30
9830	30
9831	30
9832	30
9833	30
9834	30
9835	30
9836	31
9837	31
9838	31
9839	31
9840	31
9841	31
9842	31
9843	31
9844	31
9845	31
9846	31
9847	31
9848	31
9849	31
9850	31
9851	31
9852	31
9853	31
9854	31
9855	31
9856	31
9857	31
9858	30
9859	30
9860	30
9861	30
9862	30
9863	30
9864	29
9865	29
9866	29
9867	29
9868	29
9869	29
9870	29
9871	29
9872	29
9873	29
9874	29
9875	29
9876	29
9877	29
9878	29
9879	29
9880	29
9881	30
9882	30
9883	29
9884	29
9885	29
9886	29
9887	29
9888	30
9889	30
9890	30
9891	30
9892	30
9893	30
9894	30
9895	29
9896	29
9897	29
9898	29
9899	29
9900	29
9901	29
9902	29
9903	29
9904	29
9905	29
9906	30
9907	29
9908	29
9909	29
9910	29
9911	29
9912	29
9913	29
9914	29
9915	29
9916	29
9917	29
9918	29
9919	29
9920	29
9921	29
9922	29
9923	29
9924	29
9925	29
9926	29
9927	29
9928	29
9929	29
9930	29
9931	29
9932	29
9933	29
9934	29
9935	29
9936	29
9937	29
9938	29
9939	29
9940	29
9941	29
9942	29
9943	29
9944	29
9945	29
9946	29
9947	29
9948	29
9949	29
9950	29
9951	29
9952	29
9953	29
9954	30
9955	29
9956	29
9957	29
9958	30
9959	29
9960	29
9961	29
9962	29
9963	29
9964	29
9965	29
9966	29
9967	29
9968	29
9969	29
9970	29
9971	30
9972	30
9973	30
9974	30
9975	30
9976	30
9977	30
9978	30
9979	30
9980	30
9981	30
9982	30
9983	30
9984	30
9985	30
9986	30
9987	30
9988	30
9989	29
9990	29
9991	29
9992	30
9993	29
9994	29
9995	29
9996	29
9997	29
9998	30
9999	30