0	2
1	2
2	2
3	2
4	2
5	2
6	2
7	2
8	3
9	2
10	2
11	2
12	2
13	2
14	2
15	3
16	2
17	2
18	2
19	2
20	2
21	2
22	3
23	2
24	2
25	2
26	2
27	2
28	2
29	2
30	2
31	2
32	2
33	2
34	2
35	2
36	2
37	2
38	2
39	2
40	2
41	2
42	2
43	2
44	2
45	2
46	2
47	2
48	2
49	2
50	2
51	2
52	2
53	2
54	2
55	2
56	2
57	2
58	2
59	2
60	2
61	2
62	2
63	2
64	2
65	2
66	2
67	2
68	2
69	3
70	2
71	2
72	2
73	2
74	2
75	2
76	2
77	2
78	2
79	3
80	3
81	2
82	2
83	2
84	2
85	2
86	2
87	2
88	2
89	2
90	2
91	2
92	2
93	2
94	2
95	2
96	2
97	2
98	3
99	3
100	2
101	2
102	2
103	2
104	2
105	2
106	2
107	2
108	2
109	2
110	2
111	2
112	2
113	2
114	2
115	2
116	2
117	2
118	2
119	2
120	2
121	2
122	2
123	2
124	2
125	2
126	2
127	2
128	2
129	2
130	2
131	2
132	2
133	2
134	2
135	2
136	2
137	2
138	2
139	2
140	2
141	2
142	2
143	2
144	2
145	2
146	2
147	2
148	2
149	3
150	3
151	2
152	2
153	2
154	2
155	2
156	2
157	2
158	2
159	2
160	2
161	2
162	2
163	2
164	3
165	3
166	3
167	3
168	3
169	3
170	3
171	3
172	3
173	2
174	2
175	2
176	2
177	2
178	2
179	2
180	2
181	2
182	2
183	2
184	2
185	2
186	2
187	2
188	2
189	2
190	2
191	2
192	2
193	2
194	2
195	2
196	2
197	2
198	2
199	2
200	2
201	2
202	2
203	2
204	2
205	2
206	2
207	2
208	2
209	2
210	2
211	2
212	2
213	2
214	2
215	2
216	2
217	2
218	2
219	2
220	2
221	2
222	2
223	2
224	2
225	2
226	2
227	2
228	2
229	2
230	2
231	2
232	2
233	2
234	2
235	3
236	3
237	4
238	4
239	3
240	3
241	3
242	3
243	3
244	3
245	3
246	3
247	3
248	3
249	3
250	3
251	3
252	3
253	3
254	3
255	3
256	4
257	3
258	2
259	2
260	2
261	2
262	2
263	2
264	2
265	2
266	2
267	2
268	2
269	2
270	2
271	3
272	2
273	2
274	3
275	3
276	3
277	3
278	4
279	2
280	2
281	2
282	2
283	2
284	2
285	2
286	2
287	2
288	2
289	2
290	2
291	2
292	2
293	2
294	2
295	2
296	2
297	2
298	2
299	3
300	3
301	2
302	2
303	2
304	2
305	2
306	2
307	2
308	2
309	2
310	2
311	2
312	2
313	2
314	2
315	2
316	2
317	2
318	2
319	2
320	2
321	2
322	2
323	2
324	2
325	2
326	2
327	3
328	3
329	2
330	2
331	2
332	2
333	2
334	2
335	2
336	2
337	2
338	2
339	2
340	2
341	2
342	2
343	2
344	2
345	2
346	2
347	2
348	2
349	2
350	2
351	2
352	2
353	2
354	2
355	2
356	2
357	2
358	2
359	2
360	2
361	2
362	2
363	2
364	2
365	2
366	2
367	2
368	2
369	2
370	2
371	2
372	2
373	2
374	2
375	2
376	2
377	2
378	2
379	2
380	2
381	2
382	2
383	2
384	2
385	2
386	2
387	2
388	2
389	2
390	2
391	2
392	2
393	2
394	2
395	2
396	2
397	2
398	2
399	2
400	2
401	2
402	2
403	2
404	2
405	2
406	2
407	2
408	2
409	2
410	2
411	2
412	2
413	2
414	2
415	2
416	2
417	2
418	2
419	2
420	2
421	2
422	2
423	2
424	2
425	2
426	2
427	2
428	2
429	2
430	2
431	2
432	2
433	2
434	3
435	2
436	2
437	2
438	2
439	2
440	2
441	2
442	2
443	2
444	2
445	3
446	2
447	2
448	2
449	2
450	2
451	2
452	2
453	2
454	2
455	2
456	2
457	2
458	2
459	2
460	2
461	3
462	2
463	2
464	2
465	2
466	2
467	2
468	2
469	2
470	2
471	3
472	3
473	3
474	2
475	2
476	2
477	2
478	2
479	2
480	2
481	2
482	2
483	2
484	2
485	2
486	2
487	2
488	2
489	2
490	2
491	2
492	2
493	2
494	2
495	2
496	2
497	3
498	2
499	3
500	3
501	3
502	3
503	3
504	3
505	3
506	3
507	3
508	3
509	3
510	3
511	3
512	3
513	3
514	3
515	3
516	2
517	2
518	2
519	2
520	2
521	2
522	2
523	2
524	2
525	2
526	2
527	2
528	2
529	2
530	2
531	2
532	2
533	2
534	2
535	2
536	2
537	2
538	2
539	2
540	2
541	2
542	2
543	2
544	2
545	2
546	2
547	2
548	2
549	2
550	2
551	2
552	3
553	2
554	2
555	2
556	2
557	2
558	2
559	2
560	2
561	2
562	2
563	2
564	2
565	2
566	2
567	2
568	2
569	2
570	2
571	2
572	2
573	2
574	2
575	2
576	2
577	2
578	2
579	2
580	2
581	2
582	2
583	2
584	2
585	2
586	2
587	3
588	3
589	3
590	3
591	2
592	2
593	2
594	2
595	2
596	2
597	2
598	2
599	2
600	2
601	2
602	2
603	2
604	2
605	2
606	2
607	2
608	2
609	2
610	2
611	2
612	2
613	2
614	2
615	2
616	2
617	2
618	2
619	2
620	2
621	2
622	2
623	2
624	2
625	2
626	2
627	2
628	2
629	2
630	2
631	2
632	2
633	2
634	2
635	2
636	2
637	2
638	2
639	2
640	2
641	2
642	2
643	2
644	2
645	2
646	2
647	2
648	2
649	2
650	2
651	2
652	2
653	2
654	2
655	2
656	2
657	2
658	2
659	2
660	2
661	2
662	2
663	2
664	2
665	2
666	2
667	2
668	2
669	2
670	2
671	2
672	2
673	2
674	2
675	2
676	2
677	2
678	2
679	2
680	2
681	2
682	2
683	2
684	2
685	2
686	2
687	2
688	2
689	2
690	2
691	2
692	2
693	2
694	2
695	2
696	2
697	2
698	2
699	2
700	2
701	2
702	2
703	2
704	3
705	2
706	2
707	2
708	2
709	2
710	2
711	2
712	2
713	2
714	2
715	2
716	2
717	2
718	2
719	2
720	3
721	2
722	2
723	2
724	2
725	2
726	2
727	2
728	2
729	2
730	2
731	2
732	2
733	2
734	2
735	2
736	2
737	2
738	2
739	2
740	2
741	2
742	2
743	2
744	2
745	2
746	2
747	2
748	2
749	2
750	2
751	2
752	2
753	2
754	2
755	2
756	2
757	2
758	2
759	2
760	3
761	3
762	3
763	3
764	3
765	3
766	3
767	3
768	3
769	3
770	3
771	3
772	3
773	3
774	3
775	3
776	2
777	2
778	2
779	2
780	2
781	2
782	2
783	2
784	2
785	2
786	2
787	2
788	2
789	2
790	2
791	2
792	2
793	2
794	2
795	2
796	2
797	2
798	3
799	2
800	2
801	2
802	2
803	2
804	2
805	2
806	2
807	2
808	2
809	2
810	2
811	2
812	2
813	2
814	2
815	2
816	2
817	3
818	2
819	2
820	2
821	2
822	2
823	2
824	3
825	2
826	2
827	3
828	3
829	3
830	3
831	3
832	3
833	3
834	3
835	3
836	2
837	2
838	2
839	2
840	2
841	2
842	2
843	2
844	2
845	2
846	2
847	2
848	3
849	3
850	3
851	3
852	3
853	3
854	3
855	3
856	3
857	3
858	3
859	3
860	3
861	3
862	3
863	3
864	3
865	3
866	3
867	3
868	3
869	3
870	3
871	3
872	3
873	3
874	3
875	3
876	3
877	3
878	3
879	3
880	3
881	3
882	3
883	3
884	3
885	3
886	3
887	3
888	3
889	3
890	3
891	3
892	3
893	3
894	3
895	3
896	3
897	3
898	3
899	3
900	3
901	3
902	3
903	3
904	3
905	3
906	3
907	3
908	3
909	3
910	3
911	3
912	3
913	3
914	3
915	3
916	3
917	3
918	3
919	3
920	3
921	3
922	3
923	3
924	3
925	3
926	3
927	4
928	3
929	3
930	3
931	3
932	3
933	3
934	3
935	4
936	4
937	4
938	4
939	4
940	4
941	4
942	3
943	3
944	3
945	3
946	3
947	3
948	3
949	3
950	3
951	3
952	3
953	3
954	4
955	4
956	4
957	4
958	4
959	4
960	4
961	4
962	4
963	4
964	4
965	3
966	3
967	3
968	3
969	3
970	3
971	3
972	3
973	3
974	3
975	3
976	3
977	3
978	3
979	3
980	3
981	3
982	3
983	3
984	3
985	4
986	3
987	3
988	3
989	3
990	3
991	3
992	3
993	3
994	3
995	3
996	3
997	3
998	3
999	3
1000	3
1001	3
1002	3
1003	3
1004	3
1005	3
1006	3
1007	3
1008	3
1009	3
1010	3
1011	3
1012	3
1013	3
1014	3
1015	3
1016	3
1017	3
1018	3
1019	3
1020	3
1021	3
1022	3
1023	3
1024	3
1025	3
1026	3
1027	3
1028	3
1029	3
1030	3
1031	3
1032	3
1033	3
1034	3
1035	3
1036	3
1037	3
1038	3
1039	3
1040	3
1041	3
1042	3
1043	4
1044	4
1045	4
1046	4
1047	4
1048	4
1049	4
1050	4
1051	4
1052	4
1053	4
1054	3
1055	3
1056	3
1057	3
1058	3
1059	3
1060	3
1061	3
1062	3
1063	3
1064	3
1065	3
1066	3
1067	3
1068	3
1069	4
1070	4
1071	3
1072	3
1073	3
1074	3
1075	3
1076	3
1077	3
1078	3
1079	3
1080	3
1081	3
1082	3
1083	3
1084	3
1085	3
1086	3
1087	3
1088	3
1089	3
1090	3
1091	3
1092	3
1093	3
1094	3
1095	3
1096	3
1097	3
1098	3
1099	3
1100	3
1101	3
1102	3
1103	3
1104	3
1105	3
1106	3
1107	3
1108	3
1109	3
1110	3
1111	3
1112	3
1113	3
1114	3
1115	3
1116	3
1117	3
1118	3
1119	3
1120	3
1121	3
1122	3
1123	3
1124	3
1125	3
1126	3
1127	3
1128	3
1129	3
1130	3
1131	3
1132	3
1133	3
1134	3
1135	3
1136	3
1137	3
1138	3
1139	3
1140	3
1141	3
1142	3
1143	3
1144	4
1145	4
1146	4
1147	4
1148	4
1149	4
1150	4
1151	4
1152	4
1153	4
1154	4
1155	4
1156	4
1157	4
1158	4
1159	4
1160	4
1161	4
1162	4
1163	4
1164	4
1165	4
1166	5
1167	4
1168	4
1169	4
1170	4
1171	4
1172	4
1173	4
1174	4
1175	4
1176	4
1177	4
1178	4
1179	4
1180	4
1181	4
1182	4
1183	4
1184	4
1185	4
1186	4
1187	4
1188	4
1189	4
1190	4
1191	4
1192	4
1193	4
1194	4
1195	4
1196	4
1197	4
1198	4
1199	4
1200	4
1201	4
1202	4
1203	4
1204	4
1205	4
1206	4
1207	4
1208	4
1209	4
1210	4
1211	4
1212	4
1213	4
1214	4
1215	4
1216	4
1217	4
1218	4
1219	5
1220	5
1221	4
1222	4
1223	4
1224	4
1225	4
1226	4
1227	4
1228	4
1229	4
1230	4
1231	4
1232	4
1233	4
1234	4
1235	4
1236	4
1237	4
1238	4
1239	4
1240	4
1241	4
1242	4
1243	4
1244	4
1245	4
1246	4
1247	4
1248	4
1249	4
1250	4
1251	5
1252	4
1253	4
1254	4
1255	4
1256	4
1257	4
1258	4
1259	4
1260	4
1261	4
1262	4
1263	4
1264	4
1265	4
1266	4
1267	4
1268	4
1269	4
1270	4
1271	4
1272	4
1273	4
1274	4
1275	4
1276	4
1277	4
1278	4
1279	4
1280	4
1281	4
1282	4
1283	4
1284	4
1285	4
1286	4
1287	4
1288	4
1289	4
1290	4
1291	4
1292	4
1293	4
1294	4
1295	4
1296	5
1297	5
1298	4
1299	4
1300	4
1301	4
1302	4
1303	4
1304	4
1305	4
1306	4
1307	4
1308	4
1309	4
1310	4
1311	4
1312	4
1313	4
1314	4
1315	4
1316	4
1317	4
1318	4
1319	4
1320	4
1321	4
1322	4
1323	4
1324	4
1325	4
1326	4
1327	4
1328	4
1329	4
1330	4
1331	4
1332	4
1333	4
1334	4
1335	4
1336	4
1337	4
1338	4
1339	5
1340	5
1341	5
1342	5
1343	5
1344	6
1345	5
1346	5
1347	5
1348	5
1349	5
1350	5
1351	5
1352	5
1353	5
1354	5
1355	5
1356	5
1357	5
1358	5
1359	5
1360	5
1361	5
1362	5
1363	5
1364	5
1365	5
1366	5
1367	5
1368	5
1369	5
1370	5
1371	5
1372	5
1373	5
1374	5
1375	5
1376	5
1377	5
1378	5
1379	5
1380	5
1381	5
1382	5
1383	5
1384	5
1385	5
1386	5
1387	5
1388	5
1389	5
1390	5
1391	5
1392	5
1393	5
1394	5
1395	5
1396	5
1397	5
1398	5
1399	5
1400	5
1401	5
1402	5
1403	5
1404	4
1405	4
1406	4
1407	4
1408	4
1409	4
1410	4
1411	4
1412	4
1413	5
1414	4
1415	4
1416	4
1417	4
1418	4
1419	4
1420	4
1421	4
1422	5
1423	4
1424	4
1425	4
1426	4
1427	4
1428	4
1429	4
1430	4
1431	4
1432	4
1433	4
1434	4
1435	4
1436	4
1437	4
1438	4
1439	4
1440	4
1441	4
1442	4
1443	4
1444	4
1445	4
1446	4
1447	4
1448	4
1449	4
1450	4
1451	4
1452	4
1453	4
1454	4
1455	4
1456	4
1457	4
1458	4
1459	4
1460	4
1461	4
1462	4
1463	4
1464	4
1465	4
1466	4
1467	4
1468	4
1469	4
1470	4
1471	4
1472	4
1473	4
1474	4
1475	4
1476	4
1477	4
1478	4
1479	4
1480	4
1481	4
1482	4
1483	4
1484	4
1485	4
1486	4
1487	4
1488	4
1489	4
1490	4
1491	4
1492	4
1493	4
1494	4
1495	5
1496	5
1497	5
1498	6
1499	5
1500	4
1501	4
1502	4
1503	4
1504	4
1505	4
1506	4
1507	4
1508	4
1509	5
1510	4
1511	4
1512	4
1513	4
1514	4
1515	4
1516	4
1517	4
1518	4
1519	4
1520	4
1521	4
1522	4
1523	4
1524	4
1525	4
1526	4
1527	4
1528	4
1529	4
1530	4
1531	4
1532	4
1533	4
1534	4
1535	4
1536	4
1537	4
1538	4
1539	4
1540	4
1541	4
1542	4
1543	4
1544	4
1545	4
1546	4
1547	4
1548	4
1549	4
1550	4
1551	4
1552	4
1553	4
1554	4
1555	4
1556	4
1557	4
1558	4
1559	4
1560	4
1561	4
1562	4
1563	4
1564	4
1565	4
1566	4
1567	4
1568	4
1569	4
1570	4
1571	4
1572	4
1573	4
1574	4
1575	4
1576	4
1577	4
1578	4
1579	4
1580	4
1581	4
1582	4
1583	4
1584	4
1585	4
1586	4
1587	4
1588	4
1589	4
1590	4
1591	4
1592	4
1593	4
1594	4
1595	4
1596	4
1597	4
1598	4
1599	4
1600	4
1601	4
1602	4
1603	4
1604	4
1605	5
1606	5
1607	5
1608	5
1609	5
1610	4
1611	4
1612	4
1613	4
1614	4
1615	4
1616	4
1617	4
1618	4
1619	4
1620	4
1621	4
1622	4
1623	4
1624	4
1625	4
1626	4
1627	4
1628	4
1629	4
1630	5
1631	4
1632	4
1633	4
1634	4
1635	4
1636	4
1637	4
1638	5
1639	5
1640	4
1641	4
1642	4
1643	4
1644	4
1645	4
1646	4
1647	4
1648	4
1649	4
1650	4
1651	4
1652	5
1653	5
1654	5
1655	5
1656	5
1657	5
1658	5
1659	5
1660	5
1661	5
1662	5
1663	5
1664	5
1665	5
1666	5
1667	5
1668	5
1669	5
1670	5
1671	5
1672	5
1673	5
1674	5
1675	5
1676	5
1677	5
1678	5
1679	5
1680	5
1681	5
1682	5
1683	5
1684	6
1685	5
1686	5
1687	5
1688	5
1689	5
1690	5
1691	4
1692	4
1693	4
1694	4
1695	4
1696	4
1697	4
1698	4
1699	4
1700	4
1701	4
1702	4
1703	4
1704	4
1705	4
1706	4
1707	4
1708	4
1709	4
1710	4
1711	4
1712	6
1713	5
1714	6
1715	5
1716	5
1717	5
1718	6
1719	5
1720	5
1721	4
1722	4
1723	4
1724	4
1725	4
1726	4
1727	4
1728	4
1729	4
1730	4
1731	4
1732	4
1733	4
1734	4
1735	4
1736	4
1737	4
1738	4
1739	4
1740	4
1741	4
1742	4
1743	4
1744	4
1745	4
1746	4
1747	4
1748	4
1749	4
1750	4
1751	4
1752	4
1753	4
1754	4
1755	4
1756	5
1757	4
1758	4
1759	4
1760	4
1761	4
1762	4
1763	4
1764	4
1765	4
1766	4
1767	4
1768	4
1769	4
1770	4
1771	4
1772	4
1773	4
1774	4
1775	4
1776	4
1777	4
1778	4
1779	4
1780	4
1781	4
1782	4
1783	4
1784	4
1785	4
1786	5
1787	4
1788	4
1789	4
1790	4
1791	4
1792	4
1793	4
1794	4
1795	4
1796	4
1797	4
1798	4
1799	4
1800	4
1801	4
1802	4
1803	4
1804	4
1805	4
1806	4
1807	4
1808	5
1809	4
1810	5
1811	6
1812	5
1813	5
1814	5
1815	5
1816	5
1817	5
1818	5
1819	5
1820	5
1821	5
1822	5
1823	5
1824	6
1825	5
1826	4
1827	4
1828	4
1829	4
1830	4
1831	4
1832	4
1833	4
1834	4
1835	4
1836	4
1837	4
1838	4
1839	4
1840	4
1841	4
1842	4
1843	4
1844	4
1845	4
1846	4
1847	4
1848	4
1849	4
1850	4
1851	4
1852	4
1853	4
1854	4
1855	4
1856	4
1857	4
1858	4
1859	4
1860	4
1861	4
1862	4
1863	4
1864	4
1865	4
1866	4
1867	4
1868	4
1869	4
1870	4
1871	4
1872	4
1873	4
1874	4
1875	4
1876	4
1877	4
1878	4
1879	4
1880	4
1881	4
1882	4
1883	4
1884	4
1885	4
1886	4
1887	4
1888	4
1889	5
1890	4
1891	4
1892	4
1893	4
1894	4
1895	4
1896	4
1897	4
1898	4
1899	4
1900	4
1901	4
1902	4
1903	4
1904	4
1905	4
1906	4
1907	4
1908	4
1909	4
1910	4
1911	4
1912	4
1913	4
1914	4
1915	4
1916	4
1917	4
1918	4
1919	4
1920	4
1921	4
1922	4
1923	4
1924	4
1925	4
1926	4
1927	4
1928	4
1929	4
1930	4
1931	4
1932	5
1933	5
1934	5
1935	5
1936	5
1937	5
1938	5
1939	5
1940	6
1941	6
1942	5
1943	5
1944	5
1945	5
1946	4
1947	4
1948	4
1949	4
1950	4
1951	4
1952	4
1953	4
1954	4
1955	4
1956	4
1957	4
1958	4
1959	4
1960	4
1961	4
1962	4
1963	4
1964	4
1965	4
1966	4
1967	4
1968	4
1969	4
1970	4
1971	4
1972	4
1973	4
1974	4
1975	4
1976	4
1977	4
1978	4
1979	4
1980	4
1981	4
1982	4
1983	4
1984	4
1985	5
1986	5
1987	5
1988	4
1989	4
1990	4
1991	4
1992	4
1993	4
1994	5
1995	5
1996	5
1997	5
1998	5
1999	5
2000	5
2001	5
2002	5
2003	4
2004	4
2005	4
2006	4
2007	4
2008	4
2009	4
2010	4
2011	4
2012	4
2013	4
2014	4
2015	4
2016	4
2017	4
2018	4
2019	4
2020	4
2021	4
2022	4
2023	4
2024	4
2025	4
2026	4
2027	4
2028	4
2029	4
2030	5
2031	5
2032	6
2033	6
2034	5
2035	5
2036	5
2037	4
2038	4
2039	4
2040	4
2041	4
2042	4
2043	4
2044	4
2045	4
2046	4
2047	4
2048	4
2049	4
2050	4
2051	4
2052	4
2053	4
2054	4
2055	4
2056	4
2057	5
2058	5
2059	5
2060	4
2061	4
2062	4
2063	4
2064	4
2065	4
2066	4
2067	4
2068	4
2069	4
2070	4
2071	4
2072	4
2073	4
2074	4
2075	4
2076	4
2077	4
2078	4
2079	4
2080	4
2081	4
2082	4
2083	4
2084	4
2085	4
2086	4
2087	4
2088	4
2089	4
2090	4
2091	4
2092	4
2093	4
2094	4
2095	4
2096	4
2097	4
2098	4
2099	4
2100	4
2101	4
2102	4
2103	4
2104	4
2105	4
2106	5
2107	5
2108	5
2109	4
2110	4
2111	4
2112	4
2113	4
2114	4
2115	4
2116	4
2117	4
2118	4
2119	5
2120	4
2121	4
2122	4
2123	4
2124	4
2125	4
2126	4
2127	4
2128	4
2129	4
2130	4
2131	4
2132	4
2133	4
2134	4
2135	4
2136	4
2137	4
2138	4
2139	4
2140	5
2141	4
2142	4
2143	4
2144	4
2145	4
2146	4
2147	4
2148	4
2149	4
2150	4
2151	4
2152	4
2153	4
2154	4
2155	4
2156	4
2157	5
2158	4
2159	4
2160	4
2161	4
2162	4
2163	4
2164	4
2165	4
2166	4
2167	5
2168	5
2169	5
2170	5
2171	5
2172	5
2173	5
2174	4
2175	4
2176	4
2177	4
2178	4
2179	4
2180	4
2181	4
2182	4
2183	4
2184	4
2185	4
2186	4
2187	4
2188	4
2189	4
2190	4
2191	4
2192	4
2193	4
2194	4
2195	4
2196	4
2197	4
2198	4
2199	4
2200	4
2201	4
2202	4
2203	5
2204	5
2205	5
2206	4
2207	4
2208	4
2209	4
2210	4
2211	4
2212	4
2213	4
2214	4
2215	4
2216	4
2217	4
2218	4
2219	4
2220	4
2221	4
2222	4
2223	4
2224	4
2225	4
2226	4
2227	4
2228	4
2229	4
2230	4
2231	4
2232	4
2233	4
2234	4
2235	4
2236	4
2237	4
2238	4
2239	4
2240	4
2241	4
2242	4
2243	4
2244	4
2245	4
2246	4
2247	4
2248	4
2249	4
2250	4
2251	4
2252	4
2253	4
2254	4
2255	4
2256	4
2257	4
2258	4
2259	4
2260	4
2261	4
2262	4
2263	4
2264	4
2265	4
2266	4
2267	4
2268	4
2269	4
2270	4
2271	4
2272	4
2273	4
2274	4
2275	4
2276	4
2277	4
2278	4
2279	4
2280	4
2281	4
2282	4
2283	4
2284	4
2285	4
2286	4
2287	4
2288	4
2289	4
2290	4
2291	4
2292	4
2293	4
2294	4
2295	4
2296	4
2297	4
2298	4
2299	4
2300	4
2301	4
2302	6
2303	5
2304	4
2305	4
2306	4
2307	4
2308	4
2309	4
2310	4
2311	4
2312	4
2313	4
2314	4
2315	4
2316	4
2317	4
2318	4
2319	4
2320	4
2321	4
2322	4
2323	4
2324	4
2325	4
2326	4
2327	4
2328	4
2329	4
2330	5
2331	4
2332	4
2333	4
2334	4
2335	4
2336	4
2337	4
2338	4
2339	4
2340	4
2341	4
2342	4
2343	4
2344	4
2345	4
2346	4
2347	4
2348	4
2349	4
2350	4
2351	4
2352	4
2353	4
2354	4
2355	4
2356	4
2357	4
2358	4
2359	4
2360	4
2361	4
2362	4
2363	4
2364	4
2365	4
2366	4
2367	4
2368	4
2369	4
2370	4
2371	4
2372	4
2373	4
2374	4
2375	4
2376	4
2377	4
2378	4
2379	4
2380	4
2381	4
2382	4
2383	4
2384	4
2385	4
2386	4
2387	4
2388	4
2389	4
2390	5
2391	4
2392	4
2393	4
2394	4
2395	4
2396	4
2397	4
2398	4
2399	4
2400	4
2401	4
2402	4
2403	4
2404	4
2405	4
2406	4
2407	4
2408	4
2409	5
2410	5
2411	4
2412	4
2413	4
2414	4
2415	4
2416	4
2417	4
2418	4
2419	4
2420	4
2421	4
2422	4
2423	4
2424	4
2425	4
2426	4
2427	4
2428	4
2429	4
2430	4
2431	4
2432	4
2433	4
2434	4
2435	4
2436	4
2437	4
2438	4
2439	4
2440	4
2441	4
2442	4
2443	4
2444	4
2445	4
2446	4
2447	4
2448	4
2449	4
2450	4
2451	4
2452	4
2453	4
2454	4
2455	4
2456	4
2457	4
2458	4
2459	4
2460	4
2461	4
2462	4
2463	4
2464	4
2465	4
2466	4
2467	4
2468	4
2469	4
2470	4
2471	4
2472	4
2473	4
2474	4
2475	4
2476	4
2477	4
2478	4
2479	4
2480	4
2481	4
2482	4
2483	4
2484	4
2485	4
2486	4
2487	4
2488	5
2489	4
2490	5
2491	5
2492	4
2493	4
2494	4
2495	4
2496	4
2497	4
2498	4
2499	4
2500	4
2501	4
2502	4
2503	5
2504	6
2505	5
2506	5
2507	5
2508	5
2509	5
2510	5
2511	5
2512	5
2513	5
2514	5
2515	5
2516	5
2517	5
2518	5
2519	5
2520	5
2521	5
2522	5
2523	5
2524	5
2525	5
2526	5
2527	5
2528	5
2529	5
2530	5
2531	5
2532	5
2533	4
2534	4
2535	4
2536	5
2537	5
2538	5
2539	5
2540	5
2541	5
2542	5
2543	5
2544	5
2545	5
2546	5
2547	5
2548	5
2549	5
2550	5
2551	5
2552	5
2553	5
2554	6
2555	6
2556	6
2557	5
2558	5
2559	5
2560	5
2561	5
2562	5
2563	5
2564	5
2565	5
2566	5
2567	5
2568	5
2569	5
2570	5
2571	5
2572	5
2573	5
2574	5
2575	5
2576	5
2577	5
2578	5
2579	5
2580	5
2581	5
2582	5
2583	5
2584	5
2585	5
2586	5
2587	5
2588	5
2589	5
2590	5
2591	5
2592	5
2593	5
2594	5
2595	5
2596	5
2597	5
2598	5
2599	5
2600	5
2601	5
2602	5
2603	5
2604	5
2605	5
2606	5
2607	5
2608	5
2609	5
2610	5
2611	5
2612	5
2613	6
2614	5
2615	5
2616	5
2617	5
2618	5
2619	5
2620	5
2621	5
2622	5
2623	5
2624	5
2625	5
2626	5
2627	5
2628	5
2629	5
2630	5
2631	5
2632	5
2633	5
2634	5
2635	5
2636	5
2637	5
2638	5
2639	5
2640	5
2641	5
2642	5
2643	5
2644	5
2645	5
2646	5
2647	5
2648	5
2649	5
2650	5
2651	5
2652	5
2653	5
2654	5
2655	5
2656	5
2657	5
2658	6
2659	5
2660	5
2661	5
2662	5
2663	6
2664	6
2665	6
2666	5
2667	5
2668	5
2669	5
2670	5
2671	5
2672	6
2673	6
2674	5
2675	5
2676	5
2677	5
2678	5
2679	5
2680	5
2681	5
2682	5
2683	5
2684	5
2685	5
2686	5
2687	5
2688	5
2689	5
2690	5
2691	5
2692	5
2693	5
2694	5
2695	5
2696	5
2697	5
2698	5
2699	5
2700	5
2701	5
2702	5
2703	5
2704	5
2705	5
2706	6
2707	5
2708	5
2709	6
2710	5
2711	5
2712	5
2713	5
2714	5
2715	5
2716	5
2717	5
2718	5
2719	5
2720	5
2721	5
2722	5
2723	5
2724	5
2725	5
2726	5
2727	5
2728	5
2729	5
2730	5
2731	5
2732	5
2733	5
2734	5
2735	5
2736	5
2737	5
2738	5
2739	5
2740	6
2741	6
2742	6
2743	6
2744	6
2745	6
2746	6
2747	6
2748	6
2749	6
2750	7
2751	7
2752	7
2753	7
2754	7
2755	7
2756	7
2757	7
2758	7
2759	7
2760	7
2761	7
2762	7
2763	7
2764	7
2765	7
2766	8
2767	8
2768	7
2769	7
2770	7
2771	7
2772	7
2773	7
2774	7
2775	7
2776	7
2777	7
2778	6
2779	6
2780	6
2781	6
2782	6
2783	6
2784	6
2785	6
2786	6
2787	5
2788	5
2789	6
2790	6
2791	6
2792	6
2793	6
2794	6
2795	6
2796	6
2797	6
2798	5
2799	5
2800	5
2801	6
2802	6
2803	6
2804	6
2805	6
2806	6
2807	6
2808	6
2809	6
2810	6
2811	6
2812	6
2813	6
2814	6
2815	6
2816	6
2817	6
2818	6
2819	6
2820	6
2821	6
2822	6
2823	6
2824	6
2825	6
2826	6
2827	7
2828	6
2829	6
2830	6
2831	6
2832	6
2833	6
2834	6
2835	6
2836	6
2837	6
2838	6
2839	6
2840	6
2841	6
2842	6
2843	6
2844	6
2845	6
2846	6
2847	6
2848	6
2849	6
2850	6
2851	6
2852	6
2853	6
2854	6
2855	6
2856	6
2857	6
2858	6
2859	6
2860	6
2861	6
2862	6
2863	6
2864	7
2865	6
2866	6
2867	6
2868	6
2869	6
2870	6
2871	6
2872	7
2873	7
2874	7
2875	7
2876	7
2877	7
2878	7
2879	7
2880	7
2881	7
2882	7
2883	7
2884	7
2885	7
2886	7
2887	7
2888	8
2889	7
2890	6
2891	6
2892	6
2893	6
2894	6
2895	6
2896	6
2897	6
2898	6
2899	6
2900	6
2901	6
2902	6
2903	6
2904	6
2905	6
2906	6
2907	6
2908	6
2909	6
2910	6
2911	6
2912	6
2913	6
2914	6
2915	7
2916	7
2917	7
2918	7
2919	7
2920	7
2921	7
2922	7
2923	7
2924	7
2925	7
2926	7
2927	7
2928	7
2929	7
2930	7
2931	7
2932	7
2933	7
2934	7
2935	7
2936	7
2937	7
2938	7
2939	7
2940	7
2941	7
2942	7
2943	7
2944	7
2945	7
2946	7
2947	7
2948	7
2949	7
2950	7
2951	7
2952	7
2953	7
2954	7
2955	7
2956	7
2957	8
2958	7
2959	7
2960	7
2961	7
2962	7
2963	7
2964	7
2965	7
2966	7
2967	7
2968	7
2969	7
2970	7
2971	7
2972	7
2973	7
2974	8
2975	8
2976	8
2977	8
2978	8
2979	8
2980	8
2981	8
2982	7
2983	7
2984	7
2985	7
2986	7
2987	7
2988	7
2989	7
2990	7
2991	7
2992	7
2993	7
2994	7
2995	7
2996	7
2997	7
2998	7
2999	7
3000	7
3001	7
3002	7
3003	7
3004	7
3005	7
3006	7
3007	7
3008	7
3009	7
3010	7
3011	7
3012	7
3013	7
3014	7
3015	7
3016	7
3017	7
3018	7
3019	7
3020	7
3021	7
3022	7
3023	7
3024	7
3025	7
3026	7
3027	7
3028	7
3029	7
3030	7
3031	7
3032	7
3033	7
3034	7
3035	7
3036	7
3037	7
3038	7
3039	7
3040	7
3041	7
3042	7
3043	7
3044	7
3045	8
3046	9
3047	9
3048	9
3049	10
3050	8
3051	8
3052	8
3053	8
3054	8
3055	8
3056	8
3057	8
3058	8
3059	8
3060	8
3061	8
3062	8
3063	8
3064	8
3065	8
3066	8
3067	8
3068	8
3069	8
3070	8
3071	8
3072	8
3073	8
3074	8
3075	8
3076	8
3077	8
3078	8
3079	8
3080	8
3081	8
3082	8
3083	9
3084	10
3085	10
3086	10
3087	10
3088	10
3089	10
3090	10
3091	10
3092	10
3093	10
3094	10
3095	10
3096	10
3097	10
3098	10
3099	10
3100	10
3101	10
3102	10
3103	10
3104	10
3105	10
3106	10
3107	10
3108	10
3109	10
3110	10
3111	10
3112	10
3113	10
3114	10
3115	10
3116	10
3117	10
3118	10
3119	10
3120	10
3121	10
3122	10
3123	10
3124	10
3125	10
3126	10
3127	10
3128	10
3129	10
3130	10
3131	9
3132	9
3133	9
3134	9
3135	9
3136	9
3137	9
3138	9
3139	9
3140	9
3141	9
3142	9
3143	9
3144	9
3145	9
3146	9
3147	9
3148	9
3149	9
3150	9
3151	9
3152	9
3153	9
3154	9
3155	9
3156	9
3157	9
3158	9
3159	9
3160	9
3161	9
3162	9
3163	9
3164	9
3165	9
3166	9
3167	9
3168	9
3169	9
3170	9
3171	9
3172	9
3173	9
3174	9
3175	9
3176	9
3177	9
3178	9
3179	9
3180	9
3181	9
3182	9
3183	9
3184	9
3185	9
3186	9
3187	9
3188	9
3189	9
3190	9
3191	9
3192	9
3193	10
3194	9
3195	9
3196	9
3197	9
3198	9
3199	9
3200	9
3201	9
3202	9
3203	9
3204	9
3205	9
3206	9
3207	9
3208	9
3209	9
3210	9
3211	9
3212	9
3213	9
3214	9
3215	9
3216	9
3217	9
3218	9
3219	9
3220	9
3221	10
3222	10
3223	10
3224	10
3225	10
3226	10
3227	9
3228	9
3229	9
3230	9
3231	9
3232	9
3233	9
3234	9
3235	9
3236	9
3237	9
3238	9
3239	9
3240	9
3241	9
3242	10
3243	10
3244	10
3245	9
3246	9
3247	9
3248	9
3249	9
3250	9
3251	9
3252	9
3253	9
3254	9
3255	9
3256	9
3257	9
3258	9
3259	9
3260	9
3261	9
3262	9
3263	9
3264	9
3265	9
3266	9
3267	9
3268	9
3269	9
3270	9
3271	9
3272	9
3273	9
3274	9
3275	9
3276	9
3277	9
3278	9
3279	9
3280	9
3281	9
3282	9
3283	9
3284	9
3285	9
3286	9
3287	9
3288	9
3289	9
3290	9
3291	9
3292	9
3293	9
3294	9
3295	9
3296	9
3297	9
3298	9
3299	9
3300	9
3301	9
3302	9
3303	9
3304	9
3305	9
3306	9
3307	9
3308	9
3309	9
3310	9
3311	9
3312	9
3313	9
3314	9
3315	9
3316	10
3317	10
3318	9
3319	9
3320	9
3321	9
3322	9
3323	9
3324	9
3325	9
3326	9
3327	10
3328	11
3329	10
3330	10
3331	10
3332	10
3333	10
3334	9
3335	9
3336	9
3337	9
3338	9
3339	9
3340	9
3341	9
3342	9
3343	9
3344	9
3345	9
3346	9
3347	9
3348	9
3349	9
3350	9
3351	9
3352	9
3353	9
3354	9
3355	10
3356	9
3357	9
3358	9
3359	9
3360	9
3361	9
3362	9
3363	9
3364	9
3365	9
3366	9
3367	10
3368	9
3369	9
3370	9
3371	9
3372	9
3373	9
3374	9
3375	9
3376	9
3377	9
3378	9
3379	9
3380	9
3381	9
3382	9
3383	9
3384	9
3385	9
3386	9
3387	9
3388	9
3389	9
3390	9
3391	9
3392	9
3393	9
3394	9
3395	9
3396	9
3397	9
3398	9
3399	9
3400	10
3401	10
3402	10
3403	10
3404	10
3405	10
3406	10
3407	10
3408	10
3409	9
3410	9
3411	9
3412	9
3413	10
3414	10
3415	10
3416	10
3417	11
3418	11
3419	11
3420	11
3421	10
3422	10
3423	10
3424	10
3425	10
3426	10
3427	9
3428	9
3429	9
3430	9
3431	9
3432	9
3433	9
3434	9
3435	9
3436	9
3437	9
3438	9
3439	9
3440	9
3441	9
3442	9
3443	9
3444	9
3445	9
3446	9
3447	9
3448	9
3449	9
3450	9
3451	9
3452	9
3453	9
3454	9
3455	9
3456	9
3457	9
3458	9
3459	9
3460	9
3461	9
3462	9
3463	9
3464	9
3465	9
3466	9
3467	9
3468	9
3469	9
3470	9
3471	9
3472	9
3473	9
3474	9
3475	9
3476	9
3477	9
3478	9
3479	9
3480	9
3481	9
3482	9
3483	9
3484	9
3485	9
3486	9
3487	9
3488	9
3489	9
3490	9
3491	9
3492	9
3493	9
3494	9
3495	9
3496	9
3497	9
3498	9
3499	9
3500	9
3501	9
3502	9
3503	9
3504	9
3505	9
3506	9
3507	9
3508	9
3509	9
3510	9
3511	9
3512	9
3513	10
3514	10
3515	10
3516	10
3517	10
3518	10
3519	10
3520	10
3521	10
3522	10
3523	10
3524	10
3525	9
3526	9
3527	9
3528	9
3529	9
3530	9
3531	9
3532	9
3533	9
3534	9
3535	9
3536	9
3537	9
3538	9
3539	9
3540	9
3541	9
3542	9
3543	9
3544	9
3545	9
3546	9
3547	9
3548	9
3549	9
3550	9
3551	9
3552	9
3553	9
3554	9
3555	9
3556	9
3557	9
3558	9
3559	9
3560	9
3561	9
3562	9
3563	10
3564	10
3565	10
3566	10
3567	10
3568	10
3569	10
3570	10
3571	10
3572	11
3573	11
3574	10
3575	9
3576	9
3577	9
3578	9
3579	9
3580	9
3581	9
3582	9
3583	9
3584	9
3585	9
3586	9
3587	9
3588	9
3589	9
3590	9
3591	9
3592	9
3593	9
3594	9
3595	9
3596	9
3597	9
3598	9
3599	9
3600	9
3601	9
3602	9
3603	9
3604	10
3605	10
3606	10
3607	10
3608	10
3609	10
3610	10
3611	10
3612	10
3613	10
3614	9
3615	9
3616	9
3617	9
3618	9
3619	9
3620	9
3621	9
3622	9
3623	9
3624	9
3625	9
3626	9
3627	9
3628	9
3629	9
3630	9
3631	9
3632	9
3633	9
3634	9
3635	9
3636	9
3637	9
3638	9
3639	9
3640	9
3641	9
3642	10
3643	10
3644	10
3645	10
3646	10
3647	10
3648	10
3649	9
3650	9
3651	9
3652	9
3653	9
3654	9
3655	9
3656	9
3657	9
3658	9
3659	9
3660	9
3661	10
3662	10
3663	10
3664	10
3665	10
3666	10
3667	10
3668	10
3669	11
3670	10
3671	11
3672	11
3673	11
3674	11
3675	11
3676	11
3677	11
3678	11
3679	11
3680	11
3681	11
3682	10
3683	10
3684	10
3685	10
3686	10
3687	10
3688	10
3689	10
3690	10
3691	10
3692	10
3693	10
3694	10
3695	11
3696	11
3697	11
3698	11
3699	11
3700	11
3701	11
3702	11
3703	11
3704	11
3705	11
3706	11
3707	11
3708	12
3709	12
3710	12
3711	12
3712	12
3713	12
3714	12
3715	12
3716	12
3717	12
3718	12
3719	12
3720	12
3721	12
3722	12
3723	12
3724	12
3725	12
3726	12
3727	12
3728	11
3729	11
3730	11
3731	11
3732	11
3733	11
3734	11
3735	11
3736	11
3737	11
3738	11
3739	11
3740	11
3741	11
3742	11
3743	11
3744	11
3745	11
3746	10
3747	10
3748	10
3749	10
3750	10
3751	10
3752	10
3753	10
3754	10
3755	10
3756	10
3757	10
3758	10
3759	10
3760	10
3761	10
3762	11
3763	10
3764	10
3765	10
3766	10
3767	10
3768	10
3769	10
3770	10
3771	10
3772	10
3773	10
3774	10
3775	10
3776	10
3777	10
3778	10
3779	10
3780	11
3781	11
3782	11
3783	11
3784	10
3785	10
3786	10
3787	10
3788	10
3789	10
3790	10
3791	10
3792	10
3793	10
3794	10
3795	10
3796	10
3797	10
3798	10
3799	10
3800	10
3801	10
3802	10
3803	10
3804	10
3805	10
3806	10
3807	10
3808	10
3809	10
3810	10
3811	10
3812	10
3813	10
3814	10
3815	10
3816	10
3817	10
3818	9
3819	9
3820	9
3821	9
3822	9
3823	9
3824	9
3825	9
3826	9
3827	9
3828	9
3829	9
3830	9
3831	9
3832	9
3833	9
3834	9
3835	9
3836	9
3837	9
3838	9
3839	9
3840	9
3841	9
3842	9
3843	9
3844	9
3845	9
3846	9
3847	9
3848	9
3849	10
3850	10
3851	10
3852	10
3853	11
3854	10
3855	10
3856	10
3857	10
3858	9
3859	9
3860	9
3861	9
3862	9
3863	9
3864	9
3865	9
3866	9
3867	9
3868	9
3869	9
3870	9
3871	9
3872	9
3873	9
3874	9
3875	9
3876	10
3877	9
3878	9
3879	9
3880	9
3881	9
3882	10
3883	10
3884	9
3885	9
3886	9
3887	9
3888	9
3889	9
3890	9
3891	9
3892	9
3893	9
3894	9
3895	9
3896	9
3897	9
3898	9
3899	9
3900	9
3901	9
3902	9
3903	9
3904	9
3905	9
3906	9
3907	10
3908	10
3909	10
3910	10
3911	10
3912	10
3913	10
3914	10
3915	10
3916	10
3917	10
3918	10
3919	10
3920	10
3921	10
3922	10
3923	10
3924	10
3925	10
3926	10
3927	10
3928	10
3929	10
3930	10
3931	10
3932	10
3933	10
3934	10
3935	10
3936	9
3937	9
3938	9
3939	9
3940	9
3941	9
3942	9
3943	9
3944	9
3945	9
3946	9
3947	9
3948	9
3949	9
3950	9
3951	9
3952	9
3953	9
3954	9
3955	9
3956	9
3957	10
3958	10
3959	9
3960	9
3961	9
3962	9
3963	9
3964	9
3965	9
3966	9
3967	9
3968	9
3969	9
3970	9
3971	9
3972	9
3973	9
3974	10
3975	10
3976	10
3977	10
3978	9
3979	9
3980	9
3981	9
3982	9
3983	9
3984	9
3985	9
3986	9
3987	9
3988	10
3989	10
3990	10
3991	10
3992	10
3993	10
3994	10
3995	10
3996	10
3997	10
3998	10
3999	10
4000	10
4001	10
4002	10
4003	10
4004	11
4005	10
4006	10
4007	10
4008	10
4009	10
4010	9
4011	9
4012	10
4013	10
4014	9
4015	9
4016	9
4017	9
4018	9
4019	9
4020	9
4021	9
4022	9
4023	9
4024	9
4025	9
4026	9
4027	9
4028	9
4029	9
4030	9
4031	9
4032	9
4033	9
4034	9
4035	9
4036	9
4037	9
4038	9
4039	9
4040	9
4041	9
4042	9
4043	9
4044	9
4045	9
4046	9
4047	9
4048	9
4049	9
4050	9
4051	9
4052	9
4053	9
4054	9
4055	9
4056	9
4057	9
4058	9
4059	9
4060	9
4061	9
4062	9
4063	9
4064	9
4065	9
4066	9
4067	9
4068	9
4069	9
4070	9
4071	11
4072	10
4073	10
4074	10
4075	10
4076	10
4077	10
4078	10
4079	10
4080	10
4081	10
4082	10
4083	10
4084	10
4085	10
4086	10
4087	10
4088	10
4089	10
4090	10
4091	10
4092	10
4093	10
4094	10
4095	10
4096	10
4097	10
4098	9
4099	9
4100	9
4101	9
4102	9
4103	9
4104	9
4105	9
4106	9
4107	9
4108	9
4109	9
4110	9
4111	9
4112	9
4113	9
4114	9
4115	9
4116	9
4117	9
4118	9
4119	9
4120	9
4121	9
4122	9
4123	10
4124	10
4125	10
4126	9
4127	9
4128	9
4129	9
4130	9
4131	9
4132	9
4133	9
4134	9
4135	9
4136	10
4137	9
4138	9
4139	9
4140	9
4141	9
4142	9
4143	9
4144	9
4145	9
4146	9
4147	9
4148	9
4149	9
4150	9
4151	9
4152	9
4153	9
4154	9
4155	10
4156	9
4157	9
4158	9
4159	10
4160	10
4161	9
4162	9
4163	9
4164	9
4165	9
4166	9
4167	9
4168	9
4169	9
4170	9
4171	9
4172	9
4173	9
4174	9
4175	9
4176	9
4177	9
4178	9
4179	9
4180	9
4181	9
4182	9
4183	9
4184	9
4185	9
4186	9
4187	9
4188	9
4189	9
4190	9
4191	9
4192	9
4193	9
4194	9
4195	10
4196	9
4197	9
4198	9
4199	9
4200	9
4201	9
4202	9
4203	9
4204	9
4205	9
4206	9
4207	9
4208	9
4209	9
4210	9
4211	9
4212	9
4213	9
4214	10
4215	9
4216	9
4217	9
4218	9
4219	9
4220	9
4221	9
4222	9
4223	9
4224	9
4225	9
4226	9
4227	9
4228	9
4229	9
4230	9
4231	9
4232	9
4233	9
4234	9
4235	9
4236	9
4237	9
4238	9
4239	9
4240	9
4241	9
4242	9
4243	9
4244	9
4245	9
4246	9
4247	9
4248	9
4249	9
4250	9
4251	9
4252	9
4253	9
4254	10
4255	9
4256	9
4257	9
4258	9
4259	9
4260	9
4261	9
4262	9
4263	9
4264	9
4265	9
4266	9
4267	9
4268	9
4269	9
4270	9
4271	9
4272	10
4273	10
4274	10
4275	10
4276	10
4277	10
4278	10
4279	10
4280	10
4281	10
4282	11
4283	11
4284	9
4285	10
4286	9
4287	9
4288	9
4289	9
4290	9
4291	9
4292	9
4293	9
4294	9
4295	9
4296	9
4297	9
4298	9
4299	9
4300	9
4301	9
4302	9
4303	9
4304	9
4305	9
4306	9
4307	9
4308	9
4309	9
4310	9
4311	9
4312	9
4313	9
4314	10
4315	10
4316	10
4317	9
4318	9
4319	9
4320	9
4321	9
4322	9
4323	9
4324	10
4325	10
4326	9
4327	9
4328	9
4329	9
4330	9
4331	9
4332	10
4333	10
4334	10
4335	9
4336	9
4337	9
4338	9
4339	9
4340	9
4341	9
4342	9
4343	9
4344	10
4345	10
4346	9
4347	9
4348	9
4349	9
4350	9
4351	9
4352	9
4353	9
4354	9
4355	10
4356	9
4357	9
4358	9
4359	9
4360	9
4361	9
4362	9
4363	9
4364	9
4365	9
4366	9
4367	9
4368	9
4369	9
4370	10
4371	10
4372	9
4373	9
4374	9
4375	9
4376	9
4377	9
4378	9
4379	9
4380	9
4381	9
4382	9
4383	9
4384	9
4385	9
4386	9
4387	9
4388	9
4389	9
4390	9
4391	9
4392	9
4393	9
4394	9
4395	9
4396	9
4397	10
4398	9
4399	9
4400	9
4401	9
4402	9
4403	9
4404	9
4405	9
4406	9
4407	9
4408	9
4409	9
4410	9
4411	9
4412	9
4413	9
4414	9
4415	9
4416	9
4417	9
4418	9
4419	9
4420	9
4421	9
4422	9
4423	9
4424	9
4425	9
4426	9
4427	9
4428	9
4429	9
4430	9
4431	9
4432	9
4433	9
4434	9
4435	9
4436	9
4437	9
4438	9
4439	9
4440	9
4441	9
4442	9
4443	9
4444	9
4445	9
4446	9
4447	9
4448	9
4449	9
4450	9
4451	9
4452	9
4453	9
4454	9
4455	9
4456	9
4457	9
4458	9
4459	9
4460	9
4461	9
4462	9
4463	10
4464	9
4465	9
4466	9
4467	9
4468	9
4469	9
4470	9
4471	9
4472	9
4473	9
4474	9
4475	9
4476	9
4477	9
4478	9
4479	9
4480	9
4481	9
4482	9
4483	9
4484	9
4485	9
4486	9
4487	9
4488	9
4489	9
4490	9
4491	9
4492	9
4493	9
4494	9
4495	9
4496	9
4497	9
4498	9
4499	9
4500	9
4501	9
4502	9
4503	9
4504	9
4505	9
4506	9
4507	9
4508	9
4509	9
4510	9
4511	9
4512	9
4513	9
4514	9
4515	9
4516	9
4517	9
4518	9
4519	9
4520	9
4521	9
4522	9
4523	9
4524	9
4525	9
4526	9
4527	9
4528	9
4529	9
4530	9
4531	9
4532	9
4533	9
4534	9
4535	10
4536	9
4537	9
4538	9
4539	9
4540	9
4541	9
4542	9
4543	9
4544	9
4545	9
4546	10
4547	10
4548	10
4549	10
4550	10
4551	10
4552	9
4553	9
4554	9
4555	9
4556	9
4557	9
4558	9
4559	9
4560	9
4561	9
4562	9
4563	9
4564	9
4565	9
4566	9
4567	9
4568	9
4569	9
4570	9
4571	9
4572	9
4573	9
4574	9
4575	10
4576	9
4577	9
4578	9
4579	9
4580	9
4581	9
4582	9
4583	9
4584	9
4585	9
4586	10
4587	9
4588	9
4589	9
4590	9
4591	9
4592	9
4593	9
4594	9
4595	10
4596	10
4597	10
4598	9
4599	9
4600	9
4601	9
4602	9
4603	9
4604	9
4605	9
4606	9
4607	9
4608	9
4609	9
4610	9
4611	9
4612	9
4613	9
4614	9
4615	9
4616	9
4617	9
4618	9
4619	9
4620	9
4621	9
4622	9
4623	9
4624	9
4625	9
4626	9
4627	9
4628	9
4629	9
4630	9
4631	9
4632	9
4633	9
4634	9
4635	9
4636	9
4637	9
4638	9
4639	9
4640	9
4641	9
4642	9
4643	9
4644	9
4645	9
4646	9
4647	9
4648	9
4649	9
4650	9
4651	9
4652	9
4653	9
4654	9
4655	9
4656	9
4657	9
4658	9
4659	9
4660	9
4661	9
4662	9
4663	9
4664	9
4665	9
4666	9
4667	9
4668	9
4669	9
4670	9
4671	9
4672	9
4673	9
4674	9
4675	9
4676	9
4677	9
4678	9
4679	9
4680	9
4681	9
4682	9
4683	9
4684	9
4685	9
4686	9
4687	9
4688	9
4689	9
4690	9
4691	10
4692	11
4693	11
4694	10
4695	10
4696	9
4697	9
4698	9
4699	9
4700	9
4701	9
4702	9
4703	10
4704	10
4705	10
4706	9
4707	9
4708	9
4709	9
4710	9
4711	9
4712	9
4713	9
4714	9
4715	9
4716	9
4717	9
4718	9
4719	9
4720	9
4721	10
4722	9
4723	9
4724	9
4725	9
4726	9
4727	9
4728	9
4729	9
4730	9
4731	9
4732	9
4733	9
4734	9
4735	9
4736	9
4737	9
4738	9
4739	9
4740	10
4741	9
4742	9
4743	9
4744	9
4745	9
4746	9
4747	9
4748	9
4749	9
4750	9
4751	9
4752	9
4753	9
4754	9
4755	9
4756	9
4757	9
4758	9
4759	9
4760	9
4761	9
4762	9
4763	9
4764	9
4765	9
4766	9
4767	9
4768	9
4769	9
4770	9
4771	9
4772	9
4773	9
4774	9
4775	9
4776	9
4777	9
4778	9
4779	9
4780	9
4781	9
4782	9
4783	10
4784	9
4785	9
4786	9
4787	9
4788	9
4789	9
4790	9
4791	9
4792	9
4793	9
4794	9
4795	9
4796	9
4797	9
4798	9
4799	9
4800	9
4801	9
4802	9
4803	10
4804	10
4805	10
4806	10
4807	10
4808	9
4809	9
4810	9
4811	9
4812	9
4813	9
4814	9
4815	9
4816	9
4817	9
4818	9
4819	9
4820	9
4821	9
4822	9
4823	9
4824	9
4825	9
4826	9
4827	9
4828	9
4829	9
4830	9
4831	9
4832	9
4833	9
4834	9
4835	9
4836	9
4837	9
4838	9
4839	9
4840	9
4841	9
4842	9
4843	9
4844	9
4845	9
4846	9
4847	9
4848	9
4849	9
4850	9
4851	9
4852	9
4853	9
4854	9
4855	9
4856	9
4857	9
4858	9
4859	9
4860	9
4861	9
4862	9
4863	9
4864	9
4865	9
4866	9
4867	9
4868	9
4869	9
4870	9
4871	9
4872	9
4873	9
4874	9
4875	9
4876	9
4877	9
4878	9
4879	9
4880	9
4881	9
4882	9
4883	9
4884	9
4885	9
4886	9
4887	10
4888	10
4889	10
4890	10
4891	10
4892	10
4893	10
4894	10
4895	10
4896	10
4897	10
4898	10
4899	10
4900	9
4901	9
4902	9
4903	9
4904	9
4905	9
4906	9
4907	9
4908	9
4909	9
4910	9
4911	9
4912	9
4913	9
4914	9
4915	9
4916	9
4917	9
4918	9
4919	9
4920	9
4921	9
4922	9
4923	9
4924	9
4925	9
4926	9
4927	9
4928	9
4929	9
4930	9
4931	9
4932	9
4933	9
4934	9
4935	9
4936	9
4937	9
4938	9
4939	9
4940	9
4941	9
4942	9
4943	9
4944	9
4945	9
4946	9
4947	9
4948	9
4949	9
4950	9
4951	9
4952	9
4953	9
4954	9
4955	9
4956	9
4957	9
4958	9
4959	9
4960	9
4961	9
4962	9
4963	9
4964	9
4965	9
4966	9
4967	9
4968	9
4969	9
4970	9
4971	9
4972	9
4973	9
4974	9
4975	9
4976	9
4977	9
4978	9
4979	10
4980	9
4981	9
4982	9
4983	9
4984	9
4985	9
4986	9
4987	9
4988	9
4989	9
4990	9
4991	9
4992	9
4993	9
4994	10
4995	9
4996	9
4997	9
4998	9
4999	9
5000	9
5001	9
5002	9
5003	9
5004	9
5005	9
5006	9
5007	9
5008	9
5009	9
5010	9
5011	9
5012	9
5013	9
5014	9
5015	9
5016	9
5017	9
5018	9
5019	9
5020	9
5021	9
5022	9
5023	9
5024	9
5025	9
5026	9
5027	9
5028	9
5029	9
5030	9
5031	9
5032	9
5033	9
5034	9
5035	9
5036	9
5037	9
5038	9
5039	9
5040	9
5041	9
5042	9
5043	10
5044	10
5045	10
5046	11
5047	10
5048	10
5049	9
5050	9
5051	9
5052	9
5053	9
5054	9
5055	9
5056	9
5057	9
5058	9
5059	9
5060	9
5061	9
5062	9
5063	9
5064	9
5065	9
5066	9
5067	9
5068	9
5069	9
5070	9
5071	9
5072	9
5073	9
5074	9
5075	10
5076	9
5077	9
5078	9
5079	9
5080	9
5081	9
5082	9
5083	9
5084	9
5085	9
5086	9
5087	9
5088	9
5089	9
5090	9
5091	9
5092	9
5093	10
5094	10
5095	9
5096	9
5097	9
5098	9
5099	9
5100	9
5101	9
5102	9
5103	9
5104	9
5105	9
5106	9
5107	9
5108	9
5109	9
5110	9
5111	10
5112	10
5113	10
5114	10
5115	10
5116	10
5117	11
5118	10
5119	10
5120	10
5121	10
5122	10
5123	10
5124	9
5125	9
5126	9
5127	9
5128	9
5129	9
5130	9
5131	10
5132	10
5133	10
5134	10
5135	10
5136	10
5137	10
5138	10
5139	10
5140	10
5141	10
5142	10
5143	10
5144	10
5145	10
5146	10
5147	10
5148	10
5149	10
5150	9
5151	9
5152	9
5153	9
5154	9
5155	9
5156	9
5157	9
5158	9
5159	9
5160	9
5161	9
5162	9
5163	9
5164	9
5165	9
5166	9
5167	9
5168	10
5169	10
5170	9
5171	9
5172	9
5173	9
5174	9
5175	9
5176	9
5177	9
5178	9
5179	9
5180	9
5181	9
5182	9
5183	9
5184	9
5185	9
5186	9
5187	9
5188	9
5189	9
5190	9
5191	9
5192	9
5193	9
5194	9
5195	9
5196	9
5197	10
5198	10
5199	10
5200	10
5201	10
5202	10
5203	10
5204	10
5205	10
5206	10
5207	10
5208	10
5209	10
5210	10
5211	10
5212	10
5213	9
5214	9
5215	9
5216	9
5217	9
5218	9
5219	9
5220	9
5221	9
5222	9
5223	9
5224	9
5225	9
5226	9
5227	9
5228	9
5229	9
5230	9
5231	9
5232	9
5233	9
5234	9
5235	9
5236	9
5237	9
5238	9
5239	10
5240	10
5241	9
5242	9
5243	9
5244	9
5245	9
5246	9
5247	10
5248	10
5249	10
5250	10
5251	10
5252	10
5253	10
5254	9
5255	9
5256	9
5257	9
5258	9
5259	9
5260	9
5261	9
5262	9
5263	9
5264	9
5265	9
5266	9
5267	9
5268	9
5269	9
5270	9
5271	9
5272	9
5273	9
5274	9
5275	9
5276	9
5277	9
5278	9
5279	9
5280	9
5281	9
5282	9
5283	9
5284	9
5285	9
5286	9
5287	9
5288	9
5289	9
5290	9
5291	9
5292	9
5293	9
5294	9
5295	9
5296	9
5297	9
5298	9
5299	9
5300	9
5301	9
5302	9
5303	9
5304	9
5305	9
5306	9
5307	9
5308	10
5309	9
5310	9
5311	10
5312	9
5313	9
5314	9
5315	9
5316	9
5317	9
5318	9
5319	9
5320	9
5321	9
5322	9
5323	9
5324	9
5325	9
5326	9
5327	9
5328	9
5329	9
5330	9
5331	9
5332	9
5333	9
5334	9
5335	9
5336	9
5337	9
5338	9
5339	9
5340	9
5341	9
5342	9
5343	9
5344	9
5345	9
5346	9
5347	9
5348	9
5349	9
5350	9
5351	9
5352	9
5353	9
5354	9
5355	9
5356	9
5357	9
5358	9
5359	9
5360	9
5361	9
5362	9
5363	9
5364	9
5365	9
5366	9
5367	9
5368	9
5369	9
5370	10
5371	11
5372	10
5373	10
5374	10
5375	10
5376	11
5377	11
5378	10
5379	9
5380	9
5381	9
5382	9
5383	9
5384	9
5385	9
5386	9
5387	9
5388	10
5389	11
5390	11
5391	10
5392	10
5393	10
5394	10
5395	10
5396	10
5397	10
5398	10
5399	9
5400	9
5401	9
5402	9
5403	9
5404	9
5405	9
5406	9
5407	9
5408	9
5409	9
5410	9
5411	9
5412	9
5413	9
5414	10
5415	10
5416	10
5417	10
5418	10
5419	10
5420	11
5421	10
5422	10
5423	10
5424	10
5425	10
5426	11
5427	12
5428	12
5429	12
5430	11
5431	10
5432	10
5433	10
5434	10
5435	10
5436	10
5437	10
5438	10
5439	9
5440	9
5441	9
5442	9
5443	9
5444	9
5445	9
5446	9
5447	9
5448	9
5449	9
5450	9
5451	9
5452	9
5453	9
5454	9
5455	9
5456	9
5457	9
5458	9
5459	9
5460	9
5461	9
5462	9
5463	9
5464	9
5465	9
5466	9
5467	9
5468	9
5469	9
5470	9
5471	9
5472	9
5473	9
5474	9
5475	9
5476	9
5477	9
5478	9
5479	9
5480	9
5481	9
5482	9
5483	9
5484	9
5485	9
5486	9
5487	9
5488	9
5489	10
5490	10
5491	9
5492	9
5493	9
5494	9
5495	9
5496	9
5497	9
5498	9
5499	9
5500	9
5501	9
5502	9
5503	9
5504	9
5505	9
5506	9
5507	9
5508	9
5509	9
5510	9
5511	9
5512	9
5513	9
5514	9
5515	9
5516	9
5517	9
5518	9
5519	9
5520	9
5521	9
5522	9
5523	9
5524	9
5525	9
5526	9
5527	9
5528	9
5529	9
5530	9
5531	9
5532	9
5533	9
5534	9
5535	9
5536	9
5537	9
5538	9
5539	9
5540	9
5541	9
5542	9
5543	9
5544	9
5545	9
5546	9
5547	9
5548	9
5549	9
5550	9
5551	9
5552	9
5553	9
5554	9
5555	9
5556	9
5557	9
5558	9
5559	9
5560	9
5561	9
5562	9
5563	9
5564	9
5565	9
5566	9
5567	9
5568	9
5569	9
5570	9
5571	9
5572	9
5573	9
5574	9
5575	9
5576	9
5577	9
5578	9
5579	9
5580	9
5581	9
5582	9
5583	9
5584	9
5585	9
5586	9
5587	9
5588	9
5589	9
5590	10
5591	10
5592	10
5593	10
5594	10
5595	10
5596	10
5597	10
5598	10
5599	9
5600	9
5601	9
5602	9
5603	9
5604	9
5605	9
5606	9
5607	9
5608	9
5609	9
5610	9
5611	9
5612	9
5613	9
5614	9
5615	10
5616	10
5617	11
5618	10
5619	9
5620	9
5621	9
5622	9
5623	9
5624	10
5625	9
5626	9
5627	9
5628	9
5629	9
5630	9
5631	9
5632	9
5633	9
5634	9
5635	9
5636	9
5637	9
5638	9
5639	9
5640	9
5641	9
5642	9
5643	9
5644	9
5645	9
5646	9
5647	9
5648	9
5649	9
5650	9
5651	9
5652	9
5653	9
5654	9
5655	9
5656	9
5657	9
5658	9
5659	9
5660	9
5661	9
5662	9
5663	9
5664	10
5665	10
5666	10
5667	10
5668	10
5669	9
5670	9
5671	9
5672	9
5673	9
5674	9
5675	9
5676	9
5677	10
5678	9
5679	9
5680	9
5681	9
5682	9
5683	9
5684	9
5685	9
5686	9
5687	9
5688	9
5689	9
5690	9
5691	9
5692	9
5693	9
5694	9
5695	9
5696	9
5697	9
5698	9
5699	9
5700	9
5701	9
5702	9
5703	9
5704	10
5705	10
5706	10
5707	10
5708	10
5709	9
5710	9
5711	9
5712	9
5713	9
5714	9
5715	9
5716	10
5717	10
5718	10
5719	10
5720	10
5721	10
5722	10
5723	9
5724	9
5725	9
5726	9
5727	9
5728	9
5729	9
5730	9
5731	9
5732	9
5733	9
5734	9
5735	9
5736	9
5737	9
5738	9
5739	9
5740	9
5741	9
5742	9
5743	9
5744	9
5745	9
5746	9
5747	9
5748	9
5749	9
5750	9
5751	9
5752	9
5753	9
5754	9
5755	9
5756	9
5757	9
5758	9
5759	9
5760	9
5761	10
5762	10
5763	10
5764	10
5765	9
5766	9
5767	9
5768	9
5769	9
5770	9
5771	9
5772	9
5773	9
5774	9
5775	9
5776	9
5777	9
5778	9
5779	9
5780	9
5781	10
5782	10
5783	10
5784	10
5785	9
5786	9
5787	9
5788	9
5789	9
5790	9
5791	9
5792	9
5793	9
5794	9
5795	9
5796	9
5797	9
5798	9
5799	9
5800	9
5801	9
5802	9
5803	9
5804	9
5805	9
5806	9
5807	9
5808	9
5809	9
5810	9
5811	9
5812	9
5813	9
5814	9
5815	9
5816	9
5817	9
5818	9
5819	9
5820	9
5821	9
5822	9
5823	9
5824	9
5825	9
5826	9
5827	9
5828	9
5829	9
5830	9
5831	9
5832	9
5833	9
5834	9
5835	9
5836	9
5837	9
5838	9
5839	9
5840	9
5841	9
5842	9
5843	10
5844	10
5845	11
5846	10
5847	9
5848	9
5849	9
5850	9
5851	9
5852	9
5853	9
5854	9
5855	9
5856	9
5857	9
5858	9
5859	9
5860	9
5861	9
5862	9
5863	9
5864	9
5865	10
5866	9
5867	9
5868	9
5869	9
5870	9
5871	9
5872	9
5873	9
5874	9
5875	9
5876	9
5877	9
5878	9
5879	9
5880	9
5881	9
5882	9
5883	9
5884	9
5885	9
5886	9
5887	9
5888	9
5889	9
5890	10
5891	9
5892	9
5893	9
5894	9
5895	9
5896	9
5897	9
5898	9
5899	9
5900	9
5901	9
5902	9
5903	9
5904	9
5905	9
5906	9
5907	9
5908	9
5909	9
5910	9
5911	9
5912	9
5913	9
5914	9
5915	9
5916	9
5917	9
5918	9
5919	9
5920	9
5921	9
5922	9
5923	9
5924	9
5925	9
5926	9
5927	9
5928	9
5929	9
5930	9
5931	9
5932	9
5933	9
5934	9
5935	9
5936	9
5937	9
5938	9
5939	9
5940	9
5941	9
5942	9
5943	9
5944	9
5945	9
5946	9
5947	9
5948	9
5949	9
5950	9
5951	9
5952	9
5953	9
5954	9
5955	9
5956	10
5957	10
5958	10
5959	10
5960	10
5961	10
5962	10
5963	10
5964	10
5965	10
5966	10
5967	10
5968	9
5969	9
5970	9
5971	9
5972	9
5973	9
5974	9
5975	9
5976	9
5977	9
5978	9
5979	9
5980	9
5981	9
5982	9
5983	9
5984	9
5985	9
5986	9
5987	9
5988	9
5989	9
5990	9
5991	9
5992	9
5993	9
5994	9
5995	9
5996	10
5997	9
5998	9
5999	9
6000	9
6001	9
6002	9
6003	9
6004	9
6005	9
6006	10
6007	10
6008	10
6009	9
6010	9
6011	9
6012	9
6013	9
6014	9
6015	9
6016	9
6017	9
6018	9
6019	9
6020	9
6021	9
6022	9
6023	9
6024	9
6025	9
6026	9
6027	9
6028	9
6029	9
6030	9
6031	9
6032	9
6033	9
6034	9
6035	9
6036	9
6037	10
6038	10
6039	10
6040	10
6041	10
6042	10
6043	10
6044	10
6045	10
6046	10
6047	10
6048	10
6049	10
6050	10
6051	9
6052	9
6053	9
6054	9
6055	9
6056	9
6057	9
6058	9
6059	9
6060	9
6061	9
6062	9
6063	9
6064	9
6065	9
6066	9
6067	9
6068	9
6069	9
6070	9
6071	9
6072	9
6073	9
6074	9
6075	9
6076	9
6077	9
6078	9
6079	9
6080	9
6081	9
6082	9
6083	9
6084	9
6085	9
6086	9
6087	9
6088	9
6089	9
6090	9
6091	10
6092	10
6093	10
6094	10
6095	10
6096	9
6097	9
6098	9
6099	9
6100	9
6101	9
6102	9
6103	9
6104	9
6105	9
6106	9
6107	9
6108	9
6109	9
6110	9
6111	9
6112	9
6113	9
6114	9
6115	9
6116	9
6117	9
6118	9
6119	9
6120	10
6121	10
6122	10
6123	10
6124	10
6125	9
6126	9
6127	9
6128	9
6129	9
6130	9
6131	9
6132	9
6133	9
6134	9
6135	9
6136	9
6137	9
6138	9
6139	9
6140	9
6141	9
6142	9
6143	9
6144	9
6145	9
6146	9
6147	9
6148	9
6149	10
6150	9
6151	9
6152	9
6153	9
6154	9
6155	9
6156	9
6157	9
6158	9
6159	9
6160	9
6161	9
6162	9
6163	9
6164	9
6165	9
6166	9
6167	9
6168	9
6169	9
6170	9
6171	9
6172	9
6173	9
6174	9
6175	9
6176	9
6177	9
6178	9
6179	9
6180	9
6181	9
6182	9
6183	9
6184	9
6185	9
6186	9
6187	9
6188	9
6189	9
6190	9
6191	9
6192	9
6193	9
6194	9
6195	9
6196	9
6197	9
6198	9
6199	9
6200	9
6201	9
6202	9
6203	9
6204	9
6205	9
6206	9
6207	9
6208	9
6209	9
6210	9
6211	10
6212	9
6213	9
6214	9
6215	9
6216	9
6217	9
6218	9
6219	9
6220	9
6221	9
6222	10
6223	9
6224	9
6225	9
6226	9
6227	9
6228	9
6229	9
6230	9
6231	9
6232	9
6233	9
6234	9
6235	9
6236	9
6237	9
6238	9
6239	9
6240	9
6241	9
6242	9
6243	9
6244	9
6245	9
6246	9
6247	9
6248	9
6249	9
6250	9
6251	9
6252	10
6253	9
6254	9
6255	9
6256	9
6257	9
6258	9
6259	9
6260	9
6261	9
6262	9
6263	9
6264	9
6265	9
6266	9
6267	9
6268	9
6269	10
6270	10
6271	10
6272	10
6273	10
6274	11
6275	11
6276	10
6277	10
6278	10
6279	10
6280	10
6281	10
6282	10
6283	10
6284	10
6285	10
6286	10
6287	10
6288	9
6289	9
6290	9
6291	9
6292	9
6293	10
6294	10
6295	10
6296	10
6297	10
6298	10
6299	10
6300	10
6301	10
6302	10
6303	10
6304	10
6305	10
6306	10
6307	10
6308	10
6309	10
6310	10
6311	10
6312	10
6313	10
6314	10
6315	10
6316	10
6317	10
6318	10
6319	10
6320	9
6321	9
6322	9
6323	9
6324	9
6325	9
6326	9
6327	9
6328	9
6329	9
6330	9
6331	9
6332	9
6333	10
6334	10
6335	10
6336	10
6337	9
6338	9
6339	9
6340	9
6341	9
6342	9
6343	9
6344	9
6345	9
6346	9
6347	9
6348	9
6349	9
6350	9
6351	9
6352	9
6353	9
6354	9
6355	9
6356	9
6357	9
6358	9
6359	9
6360	9
6361	9
6362	9
6363	9
6364	9
6365	9
6366	9
6367	9
6368	9
6369	9
6370	9
6371	9
6372	9
6373	9
6374	10
6375	9
6376	9
6377	9
6378	9
6379	9
6380	9
6381	9
6382	9
6383	9
6384	9
6385	9
6386	9
6387	9
6388	9
6389	9
6390	9
6391	9
6392	9
6393	9
6394	9
6395	9
6396	9
6397	9
6398	9
6399	9
6400	9
6401	9
6402	9
6403	9
6404	9
6405	9
6406	9
6407	9
6408	9
6409	9
6410	9
6411	9
6412	10
6413	10
6414	10
6415	10
6416	10
6417	10
6418	9
6419	9
6420	9
6421	9
6422	9
6423	9
6424	9
6425	9
6426	9
6427	9
6428	9
6429	9
6430	9
6431	9
6432	9
6433	9
6434	9
6435	9
6436	9
6437	9
6438	9
6439	9
6440	9
6441	9
6442	9
6443	9
6444	9
6445	9
6446	9
6447	9
6448	9
6449	9
6450	9
6451	9
6452	9
6453	9
6454	9
6455	9
6456	9
6457	9
6458	9
6459	9
6460	10
6461	10
6462	10
6463	10
6464	10
6465	10
6466	9
6467	9
6468	9
6469	9
6470	10
6471	9
6472	9
6473	9
6474	9
6475	9
6476	9
6477	9
6478	9
6479	9
6480	9
6481	9
6482	9
6483	9
6484	9
6485	9
6486	10
6487	10
6488	9
6489	9
6490	9
6491	9
6492	9
6493	9
6494	9
6495	9
6496	9
6497	9
6498	9
6499	9
6500	9
6501	9
6502	9
6503	9
6504	9
6505	9
6506	9
6507	9
6508	9
6509	9
6510	9
6511	9
6512	9
6513	9
6514	9
6515	9
6516	9
6517	9
6518	9
6519	10
6520	9
6521	9
6522	9
6523	9
6524	9
6525	10
6526	10
6527	10
6528	11
6529	11
6530	11
6531	11
6532	11
6533	11
6534	11
6535	11
6536	11
6537	11
6538	11
6539	11
6540	11
6541	11
6542	11
6543	11
6544	11
6545	11
6546	11
6547	11
6548	11
6549	11
6550	12
6551	12
6552	11
6553	10
6554	10
6555	10
6556	10
6557	10
6558	10
6559	10
6560	10
6561	10
6562	10
6563	10
6564	10
6565	10
6566	10
6567	10
6568	10
6569	10
6570	10
6571	10
6572	10
6573	10
6574	10
6575	10
6576	10
6577	10
6578	10
6579	10
6580	10
6581	10
6582	10
6583	10
6584	10
6585	10
6586	10
6587	10
6588	10
6589	10
6590	10
6591	10
6592	10
6593	10
6594	10
6595	10
6596	10
6597	10
6598	10
6599	10
6600	10
6601	10
6602	10
6603	10
6604	10
6605	10
6606	10
6607	10
6608	10
6609	10
6610	10
6611	10
6612	10
6613	10
6614	10
6615	10
6616	10
6617	10
6618	10
6619	10
6620	10
6621	10
6622	9
6623	9
6624	9
6625	9
6626	9
6627	9
6628	9
6629	9
6630	9
6631	9
6632	9
6633	9
6634	9
6635	9
6636	9
6637	9
6638	9
6639	9
6640	9
6641	9
6642	9
6643	9
6644	9
6645	9
6646	9
6647	9
6648	9
6649	9
6650	9
6651	9
6652	9
6653	10
6654	9
6655	9
6656	9
6657	9
6658	9
6659	9
6660	9
6661	9
6662	9
6663	9
6664	9
6665	9
6666	9
6667	9
6668	9
6669	9
6670	9
6671	9
6672	9
6673	9
6674	9
6675	9
6676	9
6677	9
6678	11
6679	11
6680	10
6681	10
6682	10
6683	10
6684	10
6685	10
6686	10
6687	11
6688	11
6689	11
6690	10
6691	10
6692	10
6693	10
6694	9
6695	9
6696	9
6697	10
6698	9
6699	9
6700	9
6701	9
6702	9
6703	9
6704	9
6705	9
6706	9
6707	9
6708	9
6709	9
6710	9
6711	9
6712	9
6713	9
6714	9
6715	9
6716	9
6717	9
6718	9
6719	9
6720	9
6721	9
6722	9
6723	9
6724	9
6725	9
6726	9
6727	9
6728	9
6729	9
6730	9
6731	9
6732	9
6733	9
6734	10
6735	10
6736	9
6737	9
6738	9
6739	9
6740	9
6741	9
6742	10
6743	10
6744	10
6745	10
6746	10
6747	10
6748	10
6749	9
6750	10
6751	10
6752	10
6753	10
6754	10
6755	10
6756	10
6757	10
6758	10
6759	9
6760	9
6761	9
6762	9
6763	9
6764	9
6765	9
6766	9
6767	9
6768	9
6769	9
6770	9
6771	9
6772	9
6773	9
6774	9
6775	9
6776	9
6777	9
6778	9
6779	9
6780	9
6781	9
6782	9
6783	9
6784	9
6785	9
6786	9
6787	9
6788	9
6789	9
6790	9
6791	9
6792	9
6793	9
6794	9
6795	9
6796	9
6797	9
6798	9
6799	9
6800	9
6801	9
6802	9
6803	9
6804	9
6805	9
6806	9
6807	9
6808	9
6809	9
6810	9
6811	9
6812	9
6813	9
6814	9
6815	9
6816	9
6817	9
6818	9
6819	9
6820	9
6821	9
6822	9
6823	9
6824	9
6825	9
6826	9
6827	9
6828	9
6829	9
6830	9
6831	9
6832	9
6833	9
6834	9
6835	9
6836	9
6837	9
6838	9
6839	9
6840	9
6841	9
6842	9
6843	9
6844	9
6845	9
6846	9
6847	9
6848	9
6849	9
6850	9
6851	9
6852	9
6853	9
6854	9
6855	9
6856	9
6857	9
6858	9
6859	9
6860	9
6861	9
6862	9
6863	9
6864	9
6865	9
6866	9
6867	9
6868	9
6869	9
6870	9
6871	9
6872	9
6873	9
6874	9
6875	9
6876	9
6877	9
6878	9
6879	9
6880	9
6881	9
6882	9
6883	9
6884	9
6885	9
6886	9
6887	9
6888	9
6889	9
6890	9
6891	9
6892	10
6893	10
6894	10
6895	10
6896	10
6897	10
6898	10
6899	10
6900	9
6901	9
6902	9
6903	9
6904	9
6905	9
6906	9
6907	9
6908	9
6909	9
6910	9
6911	10
6912	10
6913	9
6914	9
6915	9
6916	9
6917	9
6918	9
6919	9
6920	9
6921	9
6922	9
6923	9
6924	9
6925	9
6926	9
6927	9
6928	9
6929	9
6930	9
6931	9
6932	9
6933	9
6934	9
6935	9
6936	9
6937	9
6938	9
6939	9
6940	9
6941	9
6942	9
6943	9
6944	9
6945	9
6946	9
6947	9
6948	9
6949	9
6950	9
6951	9
6952	9
6953	9
6954	9
6955	9
6956	9
6957	9
6958	9
6959	9
6960	9
6961	9
6962	9
6963	9
6964	9
6965	9
6966	9
6967	9
6968	9
6969	9
6970	9
6971	9
6972	9
6973	9
6974	9
6975	9
6976	9
6977	9
6978	9
6979	9
6980	9
6981	9
6982	9
6983	9
6984	9
6985	9
6986	9
6987	9
6988	9
6989	9
6990	9
6991	9
6992	9
6993	9
6994	9
6995	9
6996	9
6997	9
6998	9
6999	9
7000	9
7001	9
7002	9
7003	9
7004	9
7005	9
7006	9
7007	9
7008	9
7009	9
7010	9
7011	9
7012	9
7013	9
7014	9
7015	9
7016	9
7017	9
7018	9
7019	9
7020	9
7021	9
7022	9
7023	9
7024	9
7025	9
7026	9
7027	9
7028	9
7029	9
7030	9
7031	9
7032	9
7033	9
7034	9
7035	9
7036	9
7037	9
7038	9
7039	9
7040	9
7041	9
7042	9
7043	9
7044	9
7045	10
7046	9
7047	9
7048	9
7049	9
7050	9
7051	9
7052	9
7053	9
7054	9
7055	9
7056	9
7057	9
7058	9
7059	9
7060	9
7061	9
7062	9
7063	9
7064	9
7065	9
7066	9
7067	9
7068	9
7069	9
7070	9
7071	9
7072	9
7073	9
7074	9
7075	9
7076	9
7077	9
7078	9
7079	9
7080	9
7081	9
7082	9
7083	9
7084	9
7085	9
7086	9
7087	9
7088	9
7089	9
7090	9
7091	9
7092	9
7093	9
7094	9
7095	9
7096	9
7097	9
7098	9
7099	9
7100	9
7101	9
7102	9
7103	9
7104	9
7105	9
7106	9
7107	9
7108	9
7109	9
7110	9
7111	9
7112	9
7113	9
7114	9
7115	9
7116	9
7117	9
7118	9
7119	9
7120	9
7121	9
7122	9
7123	9
7124	9
7125	9
7126	9
7127	9
7128	9
7129	10
7130	10
7131	10
7132	10
7133	10
7134	10
7135	10
7136	10
7137	10
7138	10
7139	10
7140	10
7141	10
7142	10
7143	10
7144	10
7145	10
7146	10
7147	10
7148	10
7149	10
7150	10
7151	10
7152	10
7153	10
7154	10
7155	10
7156	10
7157	10
7158	10
7159	10
7160	10
7161	10
7162	10
7163	10
7164	10
7165	10
7166	10
7167	10
7168	10
7169	10
7170	10
7171	10
7172	10
7173	10
7174	10
7175	10
7176	10
7177	10
7178	10
7179	10
7180	10
7181	10
7182	10
7183	10
7184	10
7185	10
7186	10
7187	10
7188	11
7189	11
7190	10
7191	10
7192	10
7193	10
7194	10
7195	10
7196	10
7197	10
7198	10
7199	10
7200	10
7201	10
7202	10
7203	10
7204	10
7205	10
7206	10
7207	10
7208	10
7209	10
7210	10
7211	10
7212	10
7213	10
7214	10
7215	10
7216	10
7217	10
7218	10
7219	10
7220	10
7221	10
7222	10
7223	10
7224	11
7225	11
7226	11
7227	11
7228	10
7229	10
7230	10
7231	10
7232	10
7233	10
7234	10
7235	10
7236	10
7237	10
7238	10
7239	10
7240	10
7241	10
7242	10
7243	10
7244	10
7245	10
7246	10
7247	10
7248	10
7249	10
7250	10
7251	10
7252	10
7253	10
7254	10
7255	11
7256	11
7257	11
7258	11
7259	11
7260	11
7261	11
7262	11
7263	11
7264	11
7265	11
7266	11
7267	11
7268	11
7269	11
7270	10
7271	10
7272	10
7273	10
7274	10
7275	10
7276	10
7277	10
7278	10
7279	10
7280	10
7281	10
7282	10
7283	10
7284	10
7285	10
7286	10
7287	10
7288	10
7289	10
7290	11
7291	11
7292	10
7293	10
7294	10
7295	10
7296	10
7297	10
7298	10
7299	10
7300	10
7301	10
7302	10
7303	10
7304	10
7305	10
7306	10
7307	10
7308	10
7309	10
7310	10
7311	10
7312	10
7313	10
7314	10
7315	10
7316	10
7317	10
7318	10
7319	10
7320	10
7321	10
7322	10
7323	10
7324	10
7325	10
7326	10
7327	10
7328	10
7329	10
7330	10
7331	10
7332	10
7333	10
7334	10
7335	10
7336	10
7337	10
7338	10
7339	10
7340	10
7341	10
7342	10
7343	10
7344	10
7345	10
7346	10
7347	10
7348	10
7349	10
7350	10
7351	10
7352	10
7353	10
7354	10
7355	10
7356	10
7357	10
7358	10
7359	10
7360	10
7361	10
7362	10
7363	10
7364	10
7365	10
7366	10
7367	10
7368	10
7369	10
7370	10
7371	10
7372	10
7373	10
7374	10
7375	10
7376	10
7377	10
7378	10
7379	10
7380	10
7381	10
7382	10
7383	10
7384	10
7385	10
7386	10
7387	10
7388	10
7389	10
7390	10
7391	10
7392	10
7393	10
7394	10
7395	10
7396	10
7397	10
7398	10
7399	10
7400	10
7401	10
7402	10
7403	10
7404	10
7405	10
7406	10
7407	10
7408	10
7409	10
7410	10
7411	10
7412	10
7413	10
7414	10
7415	10
7416	10
7417	10
7418	10
7419	10
7420	10
7421	10
7422	10
7423	10
7424	10
7425	10
7426	10
7427	10
7428	10
7429	10
7430	10
7431	10
7432	10
7433	10
7434	10
7435	10
7436	11
7437	10
7438	10
7439	10
7440	10
7441	10
7442	10
7443	10
7444	10
7445	10
7446	10
7447	10
7448	10
7449	10
7450	10
7451	11
7452	10
7453	10
7454	10
7455	10
7456	10
7457	10
7458	10
7459	10
7460	10
7461	10
7462	10
7463	10
7464	11
7465	11
7466	11
7467	11
7468	11
7469	10
7470	10
7471	10
7472	10
7473	10
7474	10
7475	10
7476	10
7477	10
7478	10
7479	10
7480	10
7481	10
7482	10
7483	10
7484	10
7485	10
7486	10
7487	10
7488	10
7489	10
7490	10
7491	10
7492	10
7493	10
7494	10
7495	10
7496	10
7497	10
7498	10
7499	10
7500	10
7501	10
7502	10
7503	10
7504	11
7505	10
7506	10
7507	10
7508	10
7509	10
7510	10
7511	10
7512	10
7513	10
7514	10
7515	10
7516	10
7517	10
7518	10
7519	10
7520	10
7521	10
7522	10
7523	10
7524	10
7525	10
7526	10
7527	10
7528	10
7529	10
7530	10
7531	10
7532	10
7533	10
7534	10
7535	10
7536	10
7537	10
7538	10
7539	10
7540	10
7541	10
7542	10
7543	10
7544	10
7545	10
7546	10
7547	10
7548	10
7549	10
7550	10
7551	10
7552	10
7553	10
7554	10
7555	10
7556	10
7557	10
7558	10
7559	10
7560	10
7561	10
7562	10
7563	10
7564	10
7565	10
7566	10
7567	10
7568	10
7569	10
7570	10
7571	10
7572	10
7573	10
7574	10
7575	10
7576	10
7577	10
7578	10
7579	10
7580	10
7581	10
7582	10
7583	10
7584	10
7585	10
7586	10
7587	10
7588	10
7589	10
7590	10
7591	10
7592	10
7593	10
7594	10
7595	10
7596	10
7597	10
7598	10
7599	10
7600	10
7601	10
7602	10
7603	10
7604	10
7605	10
7606	10
7607	10
7608	10
7609	10
7610	10
7611	10
7612	11
7613	12
7614	12
7615	12
7616	12
7617	11
7618	11
7619	11
7620	11
7621	11
7622	11
7623	11
7624	11
7625	11
7626	11
7627	11
7628	11
7629	11
7630	11
7631	11
7632	11
7633	11
7634	11
7635	11
7636	11
7637	11
7638	11
7639	11
7640	11
7641	11
7642	11
7643	11
7644	11
7645	11
7646	11
7647	11
7648	11
7649	11
7650	11
7651	11
7652	11
7653	11
7654	11
7655	11
7656	11
7657	11
7658	11
7659	11
7660	11
7661	11
7662	11
7663	11
7664	11
7665	11
7666	11
7667	11
7668	11
7669	11
7670	11
7671	11
7672	11
7673	11
7674	11
7675	11
7676	11
7677	11
7678	11
7679	11
7680	11
7681	11
7682	11
7683	11
7684	11
7685	11
7686	11
7687	11
7688	11
7689	11
7690	11
7691	11
7692	11
7693	11
7694	11
7695	11
7696	11
7697	11
7698	11
7699	11
7700	11
7701	11
7702	11
7703	11
7704	11
7705	11
7706	11
7707	11
7708	11
7709	11
7710	11
7711	11
7712	11
7713	11
7714	11
7715	11
7716	11
7717	11
7718	11
7719	11
7720	11
7721	11
7722	11
7723	11
7724	11
7725	11
7726	11
7727	11
7728	11
7729	11
7730	11
7731	11
7732	11
7733	11
7734	11
7735	11
7736	11
7737	11
7738	11
7739	11
7740	11
7741	11
7742	11
7743	11
7744	11
7745	11
7746	11
7747	11
7748	11
7749	12
7750	12
7751	12
7752	12
7753	11
7754	11
7755	11
7756	11
7757	11
7758	11
7759	11
7760	11
7761	11
7762	11
7763	11
7764	11
7765	11
7766	11
7767	11
7768	11
7769	11
7770	11
7771	11
7772	11
7773	11
7774	11
7775	11
7776	11
7777	11
7778	11
7779	11
7780	11
7781	11
7782	11
7783	11
7784	11
7785	11
7786	11
7787	11
7788	11
7789	11
7790	11
7791	11
7792	11
7793	11
7794	11
7795	11
7796	11
7797	11
7798	11
7799	11
7800	11
7801	11
7802	11
7803	12
7804	12
7805	12
7806	11
7807	11
7808	11
7809	11
7810	11
7811	11
7812	11
7813	11
7814	11
7815	11
7816	11
7817	11
7818	11
7819	11
7820	11
7821	11
7822	11
7823	11
7824	11
7825	12
7826	12
7827	11
7828	11
7829	11
7830	11
7831	11
7832	11
7833	11
7834	12
7835	11
7836	11
7837	11
7838	11
7839	11
7840	11
7841	11
7842	11
7843	11
7844	11
7845	11
7846	11
7847	11
7848	11
7849	11
7850	11
7851	11
7852	11
7853	11
7854	11
7855	11
7856	11
7857	11
7858	11
7859	11
7860	11
7861	11
7862	11
7863	11
7864	11
7865	11
7866	11
7867	11
7868	11
7869	11
7870	12
7871	12
7872	12
7873	11
7874	11
7875	11
7876	11
7877	11
7878	11
7879	11
7880	11
7881	11
7882	11
7883	11
7884	11
7885	11
7886	11
7887	11
7888	11
7889	11
7890	11
7891	11
7892	11
7893	11
7894	11
7895	11
7896	11
7897	11
7898	11
7899	11
7900	11
7901	11
7902	11
7903	11
7904	11
7905	11
7906	11
7907	11
7908	11
7909	11
7910	11
7911	11
7912	11
7913	11
7914	11
7915	11
7916	11
7917	11
7918	11
7919	11
7920	11
7921	11
7922	11
7923	11
7924	11
7925	11
7926	11
7927	11
7928	11
7929	11
7930	11
7931	11
7932	12
7933	12
7934	12
7935	12
7936	12
7937	12
7938	12
7939	12
7940	12
7941	12
7942	11
7943	11
7944	11
7945	11
7946	11
7947	11
7948	11
7949	11
7950	11
7951	11
7952	11
7953	12
7954	12
7955	11
7956	11
7957	11
7958	11
7959	11
7960	11
7961	11
7962	11
7963	11
7964	11
7965	11
7966	11
7967	11
7968	11
7969	11
7970	11
7971	11
7972	11
7973	11
7974	11
7975	11
7976	11
7977	11
7978	11
7979	11
7980	11
7981	11
7982	11
7983	11
7984	11
7985	11
7986	11
7987	11
7988	11
7989	11
7990	11
7991	11
7992	11
7993	11
7994	11
7995	11
7996	11
7997	11
7998	11
7999	11
8000	11
8001	11
8002	11
8003	11
8004	11
8005	11
8006	11
8007	11
8008	11
8009	11
8010	11
8011	11
8012	11
8013	11
8014	11
8015	11
8016	11
8017	11
8018	11
8019	11
8020	11
8021	11
8022	11
8023	11
8024	11
8025	11
8026	11
8027	11
8028	11
8029	11
8030	11
8031	11
8032	11
8033	11
8034	11
8035	11
8036	11
8037	11
8038	11
8039	11
8040	11
8041	11
8042	11
8043	11
8044	11
8045	11
8046	11
8047	11
8048	11
8049	12
8050	11
8051	11
8052	11
8053	11
8054	12
8055	12
8056	11
8057	11
8058	11
8059	11
8060	11
8061	11
8062	11
8063	11
8064	11
8065	11
8066	11
8067	11
8068	12
8069	11
8070	11
8071	11
8072	11
8073	11
8074	11
8075	11
8076	11
8077	11
8078	11
8079	11
8080	11
8081	11
8082	11
8083	11
8084	11
8085	11
8086	11
8087	11
8088	11
8089	11
8090	11
8091	11
8092	11
8093	11
8094	11
8095	11
8096	11
8097	11
8098	11
8099	11
8100	11
8101	11
8102	11
8103	11
8104	11
8105	11
8106	11
8107	11
8108	11
8109	11
8110	11
8111	11
8112	11
8113	11
8114	11
8115	11
8116	11
8117	11
8118	11
8119	11
8120	12
8121	12
8122	11
8123	11
8124	11
8125	11
8126	11
8127	11
8128	11
8129	11
8130	11
8131	11
8132	11
8133	11
8134	11
8135	11
8136	11
8137	11
8138	11
8139	11
8140	11
8141	11
8142	11
8143	11
8144	11
8145	11
8146	11
8147	11
8148	12
8149	12
8150	12
8151	12
8152	12
8153	12
8154	12
8155	12
8156	12
8157	12
8158	12
8159	12
8160	13
8161	13
8162	13
8163	13
8164	13
8165	13
8166	13
8167	14
8168	14
8169	12
8170	12
8171	12
8172	12
8173	11
8174	12
8175	12
8176	12
8177	12
8178	11
8179	11
8180	11
8181	11
8182	11
8183	11
8184	11
8185	11
8186	11
8187	11
8188	11
8189	11
8190	11
8191	11
8192	11
8193	12
8194	11
8195	11
8196	11
8197	11
8198	11
8199	11
8200	11
8201	11
8202	11
8203	11
8204	11
8205	11
8206	11
8207	11
8208	11
8209	11
8210	11
8211	11
8212	11
8213	11
8214	11
8215	11
8216	11
8217	11
8218	11
8219	11
8220	11
8221	11
8222	11
8223	11
8224	11
8225	11
8226	11
8227	11
8228	11
8229	11
8230	11
8231	11
8232	11
8233	11
8234	11
8235	11
8236	11
8237	11
8238	11
8239	11
8240	11
8241	11
8242	11
8243	11
8244	11
8245	11
8246	11
8247	11
8248	11
8249	11
8250	11
8251	11
8252	11
8253	12
8254	11
8255	11
8256	11
8257	11
8258	11
8259	11
8260	11
8261	11
8262	11
8263	11
8264	11
8265	11
8266	11
8267	11
8268	11
8269	11
8270	11
8271	11
8272	11
8273	11
8274	11
8275	12
8276	12
8277	12
8278	12
8279	12
8280	11
8281	11
8282	11
8283	12
8284	11
8285	11
8286	11
8287	11
8288	11
8289	11
8290	11
8291	11
8292	11
8293	11
8294	11
8295	11
8296	11
8297	11
8298	11
8299	11
8300	11
8301	11
8302	11
8303	11
8304	11
8305	11
8306	11
8307	11
8308	11
8309	11
8310	11
8311	11
8312	11
8313	11
8314	11
8315	11
8316	11
8317	11
8318	11
8319	11
8320	11
8321	11
8322	11
8323	11
8324	11
8325	11
8326	11
8327	11
8328	12
8329	12
8330	12
8331	12
8332	13
8333	12
8334	12
8335	11
8336	11
8337	12
8338	12
8339	12
8340	12
8341	12
8342	11
8343	11
8344	11
8345	11
8346	11
8347	11
8348	11
8349	11
8350	11
8351	11
8352	11
8353	11
8354	11
8355	11
8356	11
8357	11
8358	11
8359	11
8360	11
8361	11
8362	11
8363	11
8364	11
8365	11
8366	11
8367	11
8368	11
8369	11
8370	11
8371	11
8372	11
8373	11
8374	11
8375	11
8376	11
8377	11
8378	11
8379	11
8380	11
8381	11
8382	11
8383	11
8384	12
8385	11
8386	11
8387	11
8388	11
8389	11
8390	11
8391	12
8392	12
8393	12
8394	12
8395	12
8396	12
8397	12
8398	11
8399	11
8400	11
8401	11
8402	11
8403	11
8404	12
8405	11
8406	11
8407	11
8408	11
8409	11
8410	11
8411	11
8412	11
8413	11
8414	11
8415	11
8416	11
8417	11
8418	11
8419	11
8420	11
8421	11
8422	11
8423	11
8424	11
8425	11
8426	11
8427	11
8428	12
8429	12
8430	11
8431	11
8432	11
8433	11
8434	11
8435	12
8436	11
8437	11
8438	11
8439	11
8440	11
8441	11
8442	11
8443	11
8444	11
8445	11
8446	11
8447	11
8448	12
8449	12
8450	11
8451	11
8452	11
8453	11
8454	12
8455	11
8456	11
8457	11
8458	11
8459	11
8460	11
8461	11
8462	11
8463	11
8464	11
8465	11
8466	11
8467	12
8468	11
8469	11
8470	11
8471	11
8472	11
8473	11
8474	11
8475	11
8476	11
8477	11
8478	11
8479	11
8480	11
8481	11
8482	11
8483	11
8484	11
8485	11
8486	11
8487	11
8488	11
8489	11
8490	11
8491	11
8492	11
8493	11
8494	11
8495	11
8496	11
8497	11
8498	11
8499	11
8500	11
8501	11
8502	11
8503	11
8504	11
8505	11
8506	11
8507	11
8508	11
8509	11
8510	11
8511	11
8512	11
8513	11
8514	11
8515	11
8516	11
8517	11
8518	11
8519	11
8520	11
8521	11
8522	11
8523	11
8524	11
8525	11
8526	11
8527	11
8528	11
8529	11
8530	12
8531	11
8532	11
8533	11
8534	11
8535	11
8536	11
8537	11
8538	11
8539	11
8540	11
8541	11
8542	11
8543	11
8544	11
8545	11
8546	11
8547	12
8548	12
8549	12
8550	12
8551	12
8552	12
8553	12
8554	12
8555	12
8556	12
8557	12
8558	12
8559	11
8560	11
8561	11
8562	11
8563	11
8564	11
8565	11
8566	11
8567	11
8568	11
8569	11
8570	11
8571	12
8572	12
8573	12
8574	12
8575	12
8576	12
8577	12
8578	12
8579	12
8580	12
8581	12
8582	12
8583	12
8584	12
8585	12
8586	12
8587	12
8588	12
8589	12
8590	13
8591	13
8592	13
8593	13
8594	13
8595	12
8596	12
8597	12
8598	12
8599	12
8600	12
8601	12
8602	12
8603	12
8604	12
8605	12
8606	12
8607	12
8608	12
8609	12
8610	12
8611	12
8612	12
8613	11
8614	11
8615	11
8616	11
8617	11
8618	11
8619	11
8620	11
8621	11
8622	11
8623	11
8624	11
8625	11
8626	12
8627	12
8628	11
8629	11
8630	11
8631	11
8632	11
8633	11
8634	11
8635	11
8636	11
8637	11
8638	11
8639	11
8640	11
8641	11
8642	11
8643	11
8644	11
8645	11
8646	11
8647	11
8648	11
8649	11
8650	11
8651	11
8652	11
8653	11
8654	11
8655	11
8656	11
8657	11
8658	11
8659	11
8660	11
8661	11
8662	11
8663	11
8664	11
8665	12
8666	11
8667	12
8668	12
8669	12
8670	12
8671	12
8672	12
8673	12
8674	12
8675	12
8676	12
8677	12
8678	12
8679	12
8680	12
8681	12
8682	12
8683	12
8684	12
8685	12
8686	12
8687	12
8688	12
8689	12
8690	12
8691	12
8692	12
8693	12
8694	12
8695	12
8696	12
8697	12
8698	12
8699	12
8700	12
8701	12
8702	12
8703	12
8704	12
8705	11
8706	12
8707	12
8708	13
8709	13
8710	13
8711	13
8712	13
8713	13
8714	13
8715	13
8716	13
8717	13
8718	13
8719	13
8720	12
8721	12
8722	12
8723	12
8724	12
8725	12
8726	12
8727	12
8728	12
8729	12
8730	12
8731	12
8732	12
8733	12
8734	12
8735	12
8736	12
8737	12
8738	12
8739	12
8740	12
8741	12
8742	12
8743	12
8744	12
8745	12
8746	12
8747	12
8748	12
8749	12
8750	12
8751	12
8752	12
8753	12
8754	12
8755	12
8756	12
8757	13
8758	13
8759	13
8760	12
8761	12
8762	12
8763	12
8764	12
8765	12
8766	12
8767	12
8768	12
8769	12
8770	12
8771	12
8772	12
8773	12
8774	12
8775	12
8776	11
8777	11
8778	11
8779	11
8780	11
8781	11
8782	11
8783	11
8784	11
8785	11
8786	11
8787	11
8788	11
8789	11
8790	11
8791	11
8792	11
8793	11
8794	11
8795	11
8796	11
8797	11
8798	11
8799	11
8800	11
8801	11
8802	11
8803	11
8804	11
8805	11
8806	11
8807	11
8808	11
8809	11
8810	11
8811	11
8812	12
8813	12
8814	11
8815	11
8816	11
8817	11
8818	11
8819	11
8820	11
8821	11
8822	11
8823	11
8824	11
8825	11
8826	11
8827	11
8828	12
8829	11
8830	11
8831	11
8832	11
8833	11
8834	11
8835	11
8836	12
8837	12
8838	12
8839	13
8840	11
8841	11
8842	11
8843	11
8844	11
8845	11
8846	11
8847	11
8848	11
8849	11
8850	11
8851	11
8852	11
8853	11
8854	11
8855	11
8856	11
8857	11
8858	11
8859	11
8860	11
8861	12
8862	11
8863	11
8864	11
8865	11
8866	11
8867	11
8868	11
8869	11
8870	11
8871	11
8872	11
8873	11
8874	11
8875	11
8876	11
8877	11
8878	11
8879	11
8880	11
8881	11
8882	11
8883	12
8884	12
8885	12
8886	12
8887	12
8888	12
8889	12
8890	12
8891	12
8892	12
8893	12
8894	12
8895	12
8896	12
8897	12
8898	12
8899	12
8900	11
8901	11
8902	11
8903	11
8904	11
8905	11
8906	11
8907	11
8908	11
8909	11
8910	12
8911	12
8912	12
8913	13
8914	11
8915	11
8916	11
8917	11
8918	11
8919	11
8920	11
8921	11
8922	11
8923	11
8924	12
8925	12
8926	12
8927	11
8928	11
8929	11
8930	11
8931	11
8932	11
8933	11
8934	11
8935	11
8936	12
8937	12
8938	12
8939	12
8940	12
8941	12
8942	12
8943	12
8944	12
8945	12
8946	12
8947	12
8948	12
8949	12
8950	12
8951	12
8952	12
8953	12
8954	12
8955	12
8956	12
8957	12
8958	12
8959	12
8960	12
8961	12
8962	12
8963	12
8964	12
8965	13
8966	12
8967	12
8968	12
8969	12
8970	12
8971	12
8972	12
8973	12
8974	12
8975	12
8976	12
8977	12
8978	12
8979	12
8980	12
8981	12
8982	12
8983	12
8984	12
8985	12
8986	12
8987	12
8988	12
8989	12
8990	12
8991	12
8992	12
8993	12
8994	12
8995	12
8996	12
8997	12
8998	12
8999	12
9000	12
9001	12
9002	12
9003	12
9004	12
9005	12
9006	12
9007	12
9008	12
9009	12
9010	12
9011	12
9012	12
9013	12
9014	12
9015	12
9016	12
9017	12
9018	12
9019	12
9020	14
9021	12
9022	12
9023	12
9024	12
9025	12
9026	12
9027	12
9028	12
9029	12
9030	12
9031	12
9032	12
9033	12
9034	12
9035	12
9036	12
9037	12
9038	12
9039	12
9040	12
9041	12
9042	13
9043	12
9044	12
9045	12
9046	12
9047	12
9048	12
9049	11
9050	11
9051	11
9052	11
9053	12
9054	12
9055	12
9056	11
9057	11
9058	11
9059	11
9060	11
9061	11
9062	11
9063	11
9064	11
9065	11
9066	11
9067	11
9068	11
9069	12
9070	12
9071	12
9072	12
9073	11
9074	11
9075	11
9076	11
9077	11
9078	11
9079	12
9080	12
9081	12
9082	12
9083	12
9084	12
9085	12
9086	12
9087	12
9088	12
9089	12
9090	12
9091	12
9092	12
9093	12
9094	13
9095	12
9096	12
9097	12
9098	12
9099	12
9100	12
9101	12
9102	12
9103	12
9104	12
9105	12
9106	12
9107	12
9108	12
9109	12
9110	12
9111	12
9112	12
9113	12
9114	12
9115	12
9116	12
9117	12
9118	12
9119	12
9120	12
9121	12
9122	12
9123	12
9124	12
9125	12
9126	12
9127	12
9128	12
9129	12
9130	12
9131	12
9132	12
9133	12
9134	12
9135	12
9136	12
9137	12
9138	12
9139	12
9140	12
9141	12
9142	12
9143	12
9144	12
9145	11
9146	11
9147	11
9148	11
9149	11
9150	11
9151	11
9152	11
9153	11
9154	11
9155	11
9156	11
9157	11
9158	11
9159	11
9160	11
9161	11
9162	11
9163	11
9164	11
9165	11
9166	11
9167	11
9168	11
9169	11
9170	11
9171	11
9172	11
9173	11
9174	11
9175	11
9176	11
9177	11
9178	11
9179	11
9180	11
9181	11
9182	11
9183	12
9184	12
9185	12
9186	12
9187	12
9188	12
9189	11
9190	11
9191	11
9192	11
9193	11
9194	11
9195	11
9196	11
9197	11
9198	11
9199	11
9200	11
9201	11
9202	11
9203	11
9204	11
9205	11
9206	11
9207	11
9208	11
9209	11
9210	11
9211	11
9212	11
9213	11
9214	11
9215	11
9216	11
9217	11
9218	11
9219	11
9220	11
9221	11
9222	11
9223	11
9224	11
9225	11
9226	12
9227	12
9228	12
9229	12
9230	12
9231	11
9232	11
9233	11
9234	11
9235	11
9236	11
9237	11
9238	11
9239	11
9240	11
9241	11
9242	11
9243	11
9244	11
9245	12
9246	12
9247	11
9248	11
9249	11
9250	11
9251	11
9252	11
9253	11
9254	11
9255	11
9256	11
9257	11
9258	11
9259	11
9260	11
9261	11
9262	11
9263	11
9264	11
9265	11
9266	11
9267	11
9268	11
9269	11
9270	11
9271	11
9272	11
9273	11
9274	11
9275	11
9276	11
9277	11
9278	11
9279	11
9280	12
9281	11
9282	11
9283	11
9284	11
9285	11
9286	11
9287	11
9288	11
9289	11
9290	11
9291	11
9292	11
9293	11
9294	12
9295	12
9296	12
9297	11
9298	11
9299	11
9300	11
9301	11
9302	11
9303	11
9304	11
9305	11
9306	11
9307	11
9308	11
9309	11
9310	11
9311	11
9312	11
9313	11
9314	12
9315	11
9316	11
9317	11
9318	11
9319	11
9320	11
9321	11
9322	11
9323	11
9324	11
9325	11
9326	11
9327	11
9328	11
9329	11
9330	11
9331	11
9332	11
9333	12
9334	11
9335	11
9336	11
9337	11
9338	11
9339	11
9340	11
9341	11
9342	11
9343	11
9344	11
9345	11
9346	11
9347	11
9348	11
9349	11
9350	11
9351	11
9352	11
9353	11
9354	11
9355	11
9356	11
9357	11
9358	11
9359	11
9360	11
9361	11
9362	11
9363	11
9364	11
9365	11
9366	11
9367	11
9368	11
9369	11
9370	11
9371	11
9372	11
9373	11
9374	11
9375	11
9376	11
9377	11
9378	11
9379	11
9380	11
9381	11
9382	11
9383	11
9384	11
9385	11
9386	11
9387	11
9388	11
9389	11
9390	11
9391	11
9392	12
9393	12
9394	12
9395	11
9396	11
9397	11
9398	11
9399	11
9400	11
9401	11
9402	11
9403	11
9404	11
9405	11
9406	11
9407	11
9408	12
9409	12
9410	12
9411	12
9412	11
9413	11
9414	11
9415	11
9416	11
9417	11
9418	11
9419	11
9420	11
9421	11
9422	11
9423	11
9424	11
9425	11
9426	11
9427	11
9428	11
9429	11
9430	11
9431	11
9432	11
9433	11
9434	11
9435	11
9436	11
9437	11
9438	11
9439	11
9440	11
9441	11
9442	11
9443	11
9444	11
9445	11
9446	11
9447	11
9448	11
9449	11
9450	11
9451	11
9452	11
9453	11
9454	11
9455	11
9456	11
9457	11
9458	11
9459	11
9460	11
9461	11
9462	11
9463	11
9464	11
9465	11
9466	11
9467	11
9468	11
9469	11
9470	11
9471	11
9472	11
9473	11
9474	11
9475	11
9476	11
9477	11
9478	11
9479	11
9480	11
9481	11
9482	11
9483	11
9484	11
9485	11
9486	11
9487	11
9488	11
9489	11
9490	11
9491	11
9492	11
9493	11
9494	11
9495	11
9496	11
9497	11
9498	11
9499	11
9500	11
9501	11
9502	11
9503	12
9504	11
9505	11
9506	11
9507	11
9508	11
9509	11
9510	11
9511	11
9512	11
9513	11
9514	11
9515	11
9516	11
9517	11
9518	11
9519	11
9520	11
9521	11
9522	11
9523	11
9524	11
9525	11
9526	11
9527	11
9528	11
9529	11
9530	11
9531	11
9532	11
9533	11
9534	11
9535	11
9536	11
9537	11
9538	11
9539	11
9540	11
9541	11
9542	11
9543	11
9544	11
9545	11
9546	11
9547	11
9548	11
9549	11
9550	11
9551	11
9552	11
9553	11
9554	11
9555	11
9556	11
9557	11
9558	11
9559	11
9560	11
9561	11
9562	11
9563	11
9564	11
9565	11
9566	11
9567	11
9568	11
9569	11
9570	11
9571	11
9572	11
9573	11
9574	11
9575	11
9576	11
9577	11
9578	11
9579	11
9580	11
9581	11
9582	11
9583	11
9584	11
9585	11
9586	11
9587	12
9588	12
9589	12
9590	13
9591	12
9592	12
9593	12
9594	12
9595	12
9596	12
9597	12
9598	12
9599	12
9600	12
9601	12
9602	12
9603	12
9604	12
9605	12
9606	12
9607	12
9608	12
9609	12
9610	12
9611	12
9612	12
9613	12
9614	12
9615	12
9616	12
9617	12
9618	12
9619	12
9620	12
9621	11
9622	11
9623	11
9624	11
9625	11
9626	11
9627	11
9628	11
9629	11
9630	11
9631	11
9632	11
9633	11
9634	11
9635	11
9636	11
9637	11
9638	11
9639	11
9640	11
9641	11
9642	11
9643	11
9644	11
9645	11
9646	11
9647	11
9648	11
9649	11
9650	11
9651	11
9652	11
9653	11
9654	11
9655	11
9656	11
9657	11
9658	11
9659	11
9660	11
9661	11
9662	11
9663	11
9664	11
9665	11
9666	11
9667	11
9668	11
9669	11
9670	11
9671	11
9672	11
9673	11
9674	11
9675	11
9676	11
9677	11
9678	11
9679	11
9680	11
9681	11
9682	11
9683	11
9684	11
9685	11
9686	11
9687	11
9688	11
9689	11
9690	11
9691	11
9692	11
9693	11
9694	11
9695	11
9696	11
9697	11
9698	11
9699	11
9700	11
9701	11
9702	11
9703	11
9704	11
9705	11
9706	11
9707	11
9708	11
9709	11
9710	11
9711	11
9712	11
9713	11
9714	11
9715	11
9716	11
9717	11
9718	11
9719	11
9720	11
9721	11
9722	11
9723	11
9724	11
9725	11
9726	11
9727	11
9728	11
9729	11
9730	11
9731	11
9732	11
9733	11
9734	11
9735	11
9736	11
9737	11
9738	11
9739	11
9740	11
9741	12
9742	11
9743	11
9744	11
9745	11
9746	11
9747	11
9748	11
9749	11
9750	11
9751	11
9752	11
9753	11
9754	11
9755	11
9756	11
9757	11
9758	11
9759	11
9760	11
9761	11
9762	11
9763	11
9764	11
9765	11
9766	11
9767	11
9768	11
9769	11
9770	11
9771	11
9772	11
9773	11
9774	11
9775	11
9776	11
9777	11
9778	11
9779	12
9780	12
9781	12
9782	12
9783	12
9784	12
9785	12
9786	11
9787	11
9788	11
9789	11
9790	11
9791	12
9792	11
9793	11
9794	11
9795	11
9796	11
9797	11
9798	11
9799	11
9800	11
9801	11
9802	11
9803	11
9804	11
9805	11
9806	12
9807	12
9808	11
9809	11
9810	11
9811	11
9812	11
9813	12
9814	12
9815	14
9816	12
9817	12
9818	12
9819	11
9820	11
9821	11
9822	11
9823	11
9824	11
9825	11
9826	11
9827	11
9828	11
9829	11
9830	11
9831	11
9832	11
9833	11
9834	11
9835	11
9836	11
9837	11
9838	11
9839	11
9840	11
9841	11
9842	11
9843	11
9844	11
9845	11
9846	11
9847	11
9848	11
9849	11
9850	11
9851	11
9852	11
9853	11
9854	11
9855	11
9856	11
9857	11
9858	11
9859	11
9860	11
9861	11
9862	11
9863	11
9864	11
9865	11
9866	11
9867	11
9868	11
9869	11
9870	11
9871	11
9872	11
9873	11
9874	11
9875	11
9876	11
9877	11
9878	11
9879	11
9880	11
9881	11
9882	11
9883	11
9884	11
9885	11
9886	11
9887	11
9888	11
9889	11
9890	11
9891	11
9892	11
9893	11
9894	11
9895	11
9896	11
9897	11
9898	11
9899	11
9900	11
9901	11
9902	11
9903	11
9904	11
9905	11
9906	11
9907	11
9908	11
9909	11
9910	11
9911	11
9912	11
9913	11
9914	11
9915	11
9916	11
9917	11
9918	11
9919	11
9920	11
9921	11
9922	11
9923	11
9924	11
9925	11
9926	11
9927	11
9928	11
9929	11
9930	11
9931	11
9932	11
9933	11
9934	11
9935	11
9936	11
9937	11
9938	11
9939	11
9940	11
9941	11
9942	11
9943	11
9944	11
9945	11
9946	11
9947	11
9948	11
9949	12
9950	11
9951	11
9952	11
9953	11
9954	11
9955	11
9956	11
9957	11
9958	11
9959	11
9960	11
9961	11
9962	11
9963	11
9964	11
9965	11
9966	11
9967	11
9968	11
9969	11
9970	11
9971	11
9972	11
9973	11
9974	11
9975	11
9976	11
9977	11
9978	11
9979	11
9980	11
9981	11
9982	11
9983	11
9984	11
9985	11
9986	11
9987	11
9988	11
9989	11
9990	11
9991	11
9992	11
9993	11
9994	11
9995	11
9996	11
9997	11
9998	11
9999	11