0	2
1	2
2	2
3	2
4	2
5	2
6	2
7	2
8	2
9	2
10	2
11	2
12	2
13	2
14	2
15	2
16	2
17	2
18	2
19	2
20	2
21	2
22	2
23	2
24	2
25	2
26	2
27	2
28	2
29	2
30	2
31	2
32	2
33	2
34	2
35	2
36	2
37	2
38	2
39	2
40	2
41	2
42	2
43	2
44	2
45	2
46	2
47	2
48	2
49	2
50	2
51	2
52	2
53	2
54	2
55	2
56	2
57	2
58	2
59	2
60	2
61	2
62	2
63	2
64	2
65	2
66	2
67	2
68	2
69	2
70	2
71	2
72	2
73	2
74	2
75	2
76	2
77	2
78	2
79	2
80	2
81	2
82	2
83	2
84	2
85	2
86	2
87	2
88	2
89	2
90	2
91	2
92	2
93	2
94	2
95	2
96	2
97	2
98	2
99	2
100	2
101	2
102	2
103	2
104	2
105	2
106	2
107	2
108	2
109	2
110	2
111	2
112	2
113	2
114	2
115	2
116	2
117	2
118	2
119	2
120	2
121	2
122	2
123	2
124	2
125	2
126	2
127	2
128	2
129	2
130	2
131	2
132	2
133	2
134	2
135	2
136	2
137	2
138	2
139	2
140	2
141	2
142	2
143	2
144	2
145	2
146	2
147	2
148	2
149	2
150	2
151	2
152	2
153	2
154	2
155	2
156	2
157	2
158	2
159	2
160	2
161	2
162	2
163	2
164	2
165	2
166	2
167	2
168	2
169	2
170	2
171	2
172	2
173	2
174	2
175	2
176	2
177	2
178	2
179	2
180	2
181	2
182	2
183	2
184	2
185	2
186	2
187	2
188	2
189	2
190	2
191	2
192	2
193	2
194	2
195	2
196	2
197	2
198	2
199	2
200	2
201	2
202	2
203	2
204	2
205	2
206	2
207	2
208	2
209	2
210	2
211	2
212	2
213	2
214	2
215	2
216	2
217	2
218	2
219	2
220	2
221	2
222	2
223	2
224	2
225	2
226	2
227	2
228	2
229	2
230	2
231	2
232	2
233	2
234	2
235	2
236	2
237	2
238	2
239	2
240	2
241	2
242	2
243	2
244	2
245	2
246	2
247	2
248	2
249	2
250	2
251	2
252	2
253	2
254	2
255	2
256	2
257	2
258	2
259	2
260	2
261	2
262	2
263	2
264	2
265	2
266	3
267	3
268	2
269	2
270	2
271	2
272	2
273	2
274	2
275	2
276	2
277	3
278	3
279	3
280	3
281	3
282	3
283	3
284	3
285	3
286	3
287	3
288	3
289	3
290	3
291	3
292	3
293	3
294	3
295	3
296	3
297	3
298	3
299	3
300	3
301	3
302	3
303	3
304	3
305	3
306	3
307	3
308	3
309	3
310	3
311	3
312	3
313	3
314	3
315	3
316	3
317	3
318	3
319	3
320	3
321	3
322	3
323	3
324	3
325	3
326	3
327	3
328	3
329	3
330	3
331	3
332	3
333	3
334	3
335	3
336	3
337	3
338	3
339	3
340	3
341	3
342	3
343	3
344	3
345	3
346	3
347	3
348	3
349	3
350	3
351	3
352	3
353	3
354	3
355	3
356	3
357	3
358	3
359	3
360	3
361	3
362	3
363	3
364	3
365	3
366	3
367	3
368	3
369	3
370	3
371	3
372	3
373	3
374	3
375	3
376	3
377	3
378	3
379	3
380	3
381	3
382	3
383	3
384	3
385	3
386	3
387	3
388	3
389	3
390	3
391	3
392	3
393	3
394	3
395	3
396	3
397	3
398	3
399	3
400	3
401	3
402	3
403	3
404	3
405	3
406	3
407	3
408	3
409	3
410	3
411	3
412	3
413	3
414	3
415	3
416	3
417	3
418	3
419	3
420	3
421	3
422	3
423	3
424	3
425	3
426	3
427	3
428	3
429	3
430	3
431	3
432	3
433	3
434	3
435	3
436	3
437	3
438	3
439	3
440	3
441	3
442	3
443	3
444	3
445	3
446	3
447	3
448	3
449	3
450	3
451	3
452	3
453	3
454	3
455	3
456	3
457	3
458	3
459	3
460	3
461	3
462	3
463	3
464	3
465	3
466	3
467	3
468	3
469	3
470	3
471	3
472	3
473	3
474	3
475	3
476	3
477	3
478	3
479	3
480	3
481	3
482	3
483	3
484	3
485	3
486	3
487	3
488	3
489	3
490	3
491	3
492	3
493	3
494	3
495	3
496	3
497	3
498	3
499	3
500	3
501	3
502	3
503	3
504	3
505	3
506	3
507	3
508	3
509	3
510	3
511	3
512	3
513	3
514	3
515	3
516	3
517	3
518	3
519	3
520	3
521	3
522	3
523	3
524	3
525	3
526	3
527	3
528	3
529	3
530	3
531	3
532	3
533	3
534	3
535	3
536	3
537	3
538	3
539	3
540	3
541	3
542	3
543	3
544	3
545	3
546	3
547	3
548	3
549	3
550	3
551	3
552	3
553	3
554	3
555	3
556	3
557	3
558	3
559	3
560	3
561	3
562	3
563	3
564	3
565	3
566	3
567	3
568	3
569	3
570	3
571	3
572	3
573	3
574	3
575	3
576	3
577	3
578	3
579	3
580	3
581	3
582	3
583	3
584	3
585	3
586	3
587	3
588	3
589	3
590	3
591	3
592	3
593	3
594	3
595	3
596	3
597	3
598	3
599	3
600	3
601	3
602	3
603	3
604	3
605	3
606	3
607	3
608	3
609	3
610	3
611	3
612	3
613	3
614	3
615	3
616	3
617	3
618	3
619	3
620	3
621	3
622	3
623	3
624	3
625	3
626	3
627	3
628	3
629	3
630	3
631	3
632	3
633	3
634	3
635	3
636	3
637	3
638	3
639	3
640	3
641	3
642	3
643	3
644	3
645	3
646	3
647	3
648	3
649	3
650	3
651	3
652	3
653	3
654	3
655	3
656	3
657	3
658	3
659	3
660	3
661	3
662	3
663	3
664	3
665	3
666	3
667	3
668	3
669	3
670	3
671	3
672	3
673	3
674	3
675	3
676	3
677	3
678	3
679	3
680	3
681	3
682	3
683	3
684	3
685	3
686	3
687	3
688	3
689	3
690	3
691	3
692	3
693	3
694	3
695	3
696	3
697	3
698	3
699	3
700	3
701	3
702	3
703	3
704	3
705	3
706	3
707	3
708	3
709	3
710	3
711	3
712	3
713	3
714	3
715	3
716	3
717	3
718	3
719	3
720	3
721	3
722	3
723	3
724	3
725	3
726	3
727	3
728	3
729	3
730	3
731	3
732	3
733	3
734	3
735	3
736	3
737	3
738	3
739	3
740	3
741	3
742	3
743	3
744	3
745	3
746	3
747	3
748	3
749	3
750	3
751	3
752	3
753	3
754	3
755	3
756	3
757	3
758	3
759	3
760	3
761	3
762	3
763	3
764	3
765	3
766	3
767	3
768	3
769	3
770	3
771	3
772	3
773	3
774	3
775	3
776	3
777	3
778	3
779	3
780	3
781	3
782	3
783	3
784	3
785	3
786	4
787	3
788	3
789	3
790	3
791	3
792	3
793	3
794	3
795	3
796	3
797	3
798	3
799	3
800	3
801	3
802	3
803	3
804	3
805	3
806	3
807	3
808	3
809	3
810	3
811	3
812	3
813	3
814	3
815	3
816	3
817	3
818	3
819	3
820	3
821	3
822	3
823	3
824	3
825	3
826	3
827	3
828	3
829	3
830	3
831	3
832	3
833	3
834	3
835	3
836	3
837	3
838	3
839	3
840	3
841	4
842	4
843	3
844	3
845	3
846	3
847	3
848	3
849	3
850	3
851	3
852	3
853	3
854	3
855	3
856	3
857	3
858	3
859	3
860	3
861	3
862	3
863	3
864	3
865	3
866	3
867	3
868	3
869	3
870	3
871	3
872	3
873	3
874	3
875	3
876	3
877	3
878	3
879	3
880	3
881	3
882	3
883	3
884	3
885	3
886	3
887	3
888	3
889	3
890	3
891	3
892	3
893	3
894	3
895	3
896	3
897	3
898	3
899	3
900	3
901	3
902	3
903	3
904	3
905	3
906	3
907	3
908	3
909	4
910	4
911	4
912	4
913	4
914	4
915	4
916	4
917	4
918	4
919	4
920	4
921	4
922	4
923	4
924	4
925	4
926	4
927	4
928	4
929	4
930	4
931	4
932	4
933	4
934	4
935	4
936	4
937	4
938	4
939	4
940	4
941	4
942	4
943	4
944	4
945	4
946	4
947	4
948	4
949	4
950	4
951	4
952	4
953	4
954	4
955	4
956	4
957	4
958	4
959	4
960	4
961	4
962	4
963	4
964	4
965	4
966	4
967	4
968	4
969	4
970	4
971	4
972	4
973	4
974	5
975	5
976	5
977	5
978	5
979	5
980	5
981	5
982	5
983	5
984	5
985	5
986	5
987	5
988	5
989	5
990	5
991	5
992	5
993	5
994	5
995	5
996	5
997	5
998	5
999	5
1000	5
1001	5
1002	5
1003	5
1004	5
1005	5
1006	5
1007	5
1008	5
1009	5
1010	5
1011	5
1012	5
1013	5
1014	5
1015	5
1016	5
1017	5
1018	5
1019	5
1020	5
1021	5
1022	5
1023	5
1024	5
1025	5
1026	5
1027	5
1028	5
1029	5
1030	5
1031	5
1032	5
1033	5
1034	5
1035	5
1036	5
1037	5
1038	5
1039	5
1040	5
1041	5
1042	5
1043	5
1044	5
1045	5
1046	5
1047	5
1048	5
1049	5
1050	5
1051	5
1052	5
1053	5
1054	5
1055	5
1056	5
1057	5
1058	5
1059	5
1060	5
1061	5
1062	5
1063	5
1064	5
1065	5
1066	5
1067	5
1068	5
1069	5
1070	5
1071	5
1072	5
1073	5
1074	5
1075	5
1076	5
1077	5
1078	5
1079	5
1080	5
1081	5
1082	5
1083	5
1084	5
1085	5
1086	5
1087	5
1088	5
1089	5
1090	5
1091	5
1092	5
1093	5
1094	5
1095	5
1096	5
1097	5
1098	5
1099	5
1100	5
1101	5
1102	5
1103	5
1104	5
1105	5
1106	5
1107	5
1108	5
1109	5
1110	5
1111	5
1112	5
1113	5
1114	5
1115	5
1116	5
1117	5
1118	5
1119	5
1120	5
1121	5
1122	5
1123	5
1124	5
1125	5
1126	5
1127	5
1128	5
1129	5
1130	5
1131	5
1132	5
1133	5
1134	5
1135	5
1136	5
1137	5
1138	5
1139	5
1140	5
1141	5
1142	5
1143	5
1144	5
1145	5
1146	5
1147	5
1148	5
1149	5
1150	5
1151	5
1152	5
1153	5
1154	5
1155	5
1156	5
1157	5
1158	5
1159	6
1160	6
1161	6
1162	6
1163	6
1164	6
1165	6
1166	6
1167	6
1168	6
1169	6
1170	6
1171	6
1172	6
1173	6
1174	6
1175	6
1176	6
1177	6
1178	6
1179	6
1180	6
1181	6
1182	6
1183	6
1184	6
1185	6
1186	6
1187	6
1188	6
1189	6
1190	6
1191	6
1192	6
1193	6
1194	6
1195	6
1196	6
1197	6
1198	6
1199	6
1200	6
1201	6
1202	6
1203	6
1204	6
1205	6
1206	6
1207	6
1208	7
1209	7
1210	7
1211	7
1212	7
1213	7
1214	7
1215	7
1216	7
1217	7
1218	7
1219	7
1220	7
1221	7
1222	7
1223	7
1224	7
1225	7
1226	7
1227	7
1228	7
1229	7
1230	7
1231	7
1232	7
1233	7
1234	7
1235	7
1236	7
1237	7
1238	7
1239	7
1240	7
1241	7
1242	7
1243	7
1244	7
1245	7
1246	7
1247	7
1248	7
1249	7
1250	7
1251	7
1252	7
1253	7
1254	7
1255	7
1256	7
1257	7
1258	7
1259	7
1260	7
1261	7
1262	7
1263	7
1264	7
1265	7
1266	7
1267	7
1268	7
1269	7
1270	7
1271	7
1272	7
1273	7
1274	7
1275	7
1276	7
1277	7
1278	7
1279	7
1280	7
1281	7
1282	7
1283	7
1284	7
1285	7
1286	7
1287	7
1288	7
1289	7
1290	7
1291	7
1292	7
1293	7
1294	7
1295	7
1296	7
1297	7
1298	7
1299	7
1300	7
1301	7
1302	7
1303	7
1304	7
1305	7
1306	7
1307	7
1308	7
1309	7
1310	7
1311	7
1312	7
1313	7
1314	7
1315	7
1316	7
1317	7
1318	7
1319	7
1320	7
1321	7
1322	7
1323	7
1324	7
1325	7
1326	7
1327	7
1328	7
1329	7
1330	7
1331	7
1332	7
1333	7
1334	7
1335	7
1336	7
1337	7
1338	7
1339	7
1340	7
1341	7
1342	7
1343	7
1344	7
1345	7
1346	7
1347	7
1348	7
1349	7
1350	7
1351	7
1352	7
1353	7
1354	7
1355	7
1356	7
1357	7
1358	7
1359	7
1360	7
1361	7
1362	7
1363	7
1364	7
1365	7
1366	7
1367	7
1368	7
1369	7
1370	7
1371	7
1372	7
1373	7
1374	7
1375	7
1376	7
1377	7
1378	7
1379	7
1380	7
1381	7
1382	7
1383	7
1384	7
1385	7
1386	7
1387	7
1388	7
1389	7
1390	7
1391	7
1392	7
1393	7
1394	7
1395	7
1396	7
1397	7
1398	7
1399	7
1400	7
1401	7
1402	7
1403	7
1404	7
1405	7
1406	7
1407	7
1408	7
1409	7
1410	7
1411	7
1412	7
1413	7
1414	7
1415	7
1416	7
1417	7
1418	7
1419	7
1420	7
1421	7
1422	7
1423	7
1424	7
1425	7
1426	7
1427	7
1428	8
1429	8
1430	7
1431	7
1432	7
1433	7
1434	7
1435	7
1436	7
1437	7
1438	7
1439	7
1440	7
1441	7
1442	7
1443	7
1444	7
1445	7
1446	7
1447	7
1448	7
1449	7
1450	7
1451	7
1452	7
1453	7
1454	7
1455	7
1456	7
1457	7
1458	7
1459	7
1460	7
1461	7
1462	7
1463	7
1464	7
1465	7
1466	7
1467	7
1468	7
1469	7
1470	7
1471	7
1472	7
1473	7
1474	7
1475	7
1476	7
1477	7
1478	7
1479	7
1480	7
1481	7
1482	7
1483	7
1484	7
1485	7
1486	7
1487	7
1488	7
1489	7
1490	7
1491	7
1492	7
1493	7
1494	7
1495	7
1496	7
1497	7
1498	7
1499	7
1500	7
1501	7
1502	7
1503	7
1504	7
1505	7
1506	7
1507	7
1508	7
1509	7
1510	7
1511	7
1512	7
1513	7
1514	7
1515	7
1516	7
1517	7
1518	7
1519	7
1520	7
1521	7
1522	8
1523	8
1524	8
1525	8
1526	7
1527	7
1528	7
1529	7
1530	7
1531	7
1532	7
1533	7
1534	7
1535	7
1536	7
1537	7
1538	7
1539	7
1540	7
1541	7
1542	7
1543	7
1544	7
1545	7
1546	7
1547	7
1548	7
1549	7
1550	7
1551	7
1552	7
1553	7
1554	7
1555	7
1556	7
1557	7
1558	7
1559	7
1560	7
1561	7
1562	7
1563	7
1564	7
1565	7
1566	7
1567	7
1568	7
1569	7
1570	7
1571	7
1572	7
1573	7
1574	7
1575	7
1576	7
1577	7
1578	7
1579	7
1580	7
1581	7
1582	7
1583	7
1584	7
1585	7
1586	7
1587	7
1588	7
1589	7
1590	7
1591	7
1592	7
1593	7
1594	7
1595	7
1596	7
1597	7
1598	7
1599	7
1600	7
1601	7
1602	7
1603	7
1604	7
1605	7
1606	7
1607	7
1608	7
1609	7
1610	7
1611	7
1612	7
1613	7
1614	8
1615	7
1616	7
1617	7
1618	7
1619	7
1620	8
1621	7
1622	7
1623	7
1624	7
1625	7
1626	7
1627	7
1628	7
1629	7
1630	7
1631	7
1632	7
1633	7
1634	7
1635	7
1636	7
1637	7
1638	7
1639	7
1640	7
1641	7
1642	7
1643	7
1644	7
1645	7
1646	7
1647	7
1648	7
1649	7
1650	7
1651	7
1652	7
1653	7
1654	7
1655	7
1656	7
1657	7
1658	7
1659	7
1660	7
1661	7
1662	7
1663	7
1664	7
1665	7
1666	7
1667	7
1668	7
1669	7
1670	7
1671	7
1672	7
1673	7
1674	7
1675	7
1676	7
1677	7
1678	7
1679	7
1680	7
1681	7
1682	7
1683	7
1684	7
1685	7
1686	7
1687	7
1688	7
1689	7
1690	7
1691	7
1692	7
1693	7
1694	7
1695	7
1696	7
1697	7
1698	7
1699	7
1700	7
1701	7
1702	7
1703	7
1704	7
1705	7
1706	7
1707	7
1708	7
1709	7
1710	7
1711	7
1712	7
1713	7
1714	7
1715	7
1716	7
1717	7
1718	7
1719	7
1720	7
1721	7
1722	7
1723	7
1724	7
1725	7
1726	7
1727	7
1728	7
1729	7
1730	7
1731	7
1732	7
1733	7
1734	7
1735	7
1736	7
1737	7
1738	7
1739	7
1740	7
1741	7
1742	7
1743	7
1744	7
1745	7
1746	7
1747	7
1748	7
1749	7
1750	7
1751	7
1752	7
1753	7
1754	7
1755	7
1756	7
1757	7
1758	7
1759	7
1760	7
1761	7
1762	7
1763	7
1764	7
1765	7
1766	7
1767	7
1768	7
1769	7
1770	7
1771	7
1772	7
1773	7
1774	7
1775	7
1776	7
1777	7
1778	7
1779	7
1780	7
1781	7
1782	7
1783	7
1784	7
1785	7
1786	7
1787	7
1788	7
1789	7
1790	7
1791	7
1792	7
1793	7
1794	7
1795	7
1796	7
1797	7
1798	7
1799	7
1800	7
1801	7
1802	7
1803	7
1804	7
1805	7
1806	7
1807	7
1808	7
1809	7
1810	7
1811	7
1812	7
1813	7
1814	7
1815	7
1816	7
1817	7
1818	7
1819	7
1820	7
1821	7
1822	7
1823	7
1824	7
1825	7
1826	7
1827	7
1828	7
1829	7
1830	7
1831	7
1832	7
1833	7
1834	7
1835	7
1836	7
1837	7
1838	7
1839	7
1840	7
1841	7
1842	7
1843	7
1844	7
1845	7
1846	7
1847	7
1848	7
1849	7
1850	8
1851	8
1852	8
1853	8
1854	7
1855	7
1856	7
1857	7
1858	7
1859	7
1860	7
1861	7
1862	7
1863	7
1864	7
1865	7
1866	7
1867	7
1868	7
1869	7
1870	7
1871	7
1872	7
1873	7
1874	7
1875	7
1876	7
1877	7
1878	7
1879	7
1880	7
1881	7
1882	7
1883	7
1884	7
1885	7
1886	7
1887	7
1888	7
1889	7
1890	7
1891	7
1892	7
1893	7
1894	7
1895	7
1896	7
1897	7
1898	8
1899	8
1900	8
1901	8
1902	8
1903	8
1904	8
1905	8
1906	8
1907	8
1908	8
1909	8
1910	8
1911	8
1912	7
1913	7
1914	7
1915	7
1916	7
1917	7
1918	7
1919	7
1920	7
1921	7
1922	7
1923	7
1924	7
1925	7
1926	7
1927	7
1928	7
1929	7
1930	7
1931	7
1932	7
1933	7
1934	7
1935	7
1936	7
1937	7
1938	7
1939	7
1940	7
1941	7
1942	7
1943	7
1944	7
1945	7
1946	7
1947	7
1948	7
1949	7
1950	7
1951	7
1952	7
1953	7
1954	7
1955	7
1956	7
1957	7
1958	7
1959	7
1960	7
1961	7
1962	7
1963	7
1964	7
1965	7
1966	7
1967	7
1968	7
1969	7
1970	7
1971	7
1972	7
1973	7
1974	7
1975	7
1976	7
1977	7
1978	7
1979	7
1980	7
1981	7
1982	7
1983	7
1984	7
1985	7
1986	7
1987	7
1988	7
1989	7
1990	7
1991	7
1992	7
1993	7
1994	7
1995	7
1996	7
1997	7
1998	7
1999	7
2000	7
2001	7
2002	7
2003	7
2004	7
2005	7
2006	7
2007	7
2008	7
2009	7
2010	7
2011	7
2012	7
2013	7
2014	7
2015	7
2016	7
2017	7
2018	7
2019	7
2020	7
2021	7
2022	7
2023	7
2024	7
2025	7
2026	7
2027	7
2028	7
2029	7
2030	7
2031	7
2032	7
2033	7
2034	7
2035	7
2036	7
2037	7
2038	7
2039	7
2040	7
2041	7
2042	7
2043	7
2044	7
2045	7
2046	7
2047	7
2048	7
2049	7
2050	8
2051	7
2052	7
2053	7
2054	7
2055	7
2056	7
2057	7
2058	7
2059	7
2060	7
2061	7
2062	7
2063	7
2064	7
2065	7
2066	7
2067	7
2068	7
2069	7
2070	7
2071	7
2072	7
2073	7
2074	7
2075	7
2076	7
2077	7
2078	7
2079	7
2080	7
2081	7
2082	7
2083	7
2084	7
2085	7
2086	7
2087	7
2088	7
2089	7
2090	7
2091	7
2092	7
2093	7
2094	7
2095	7
2096	7
2097	7
2098	7
2099	7
2100	7
2101	7
2102	7
2103	7
2104	7
2105	7
2106	7
2107	7
2108	7
2109	7
2110	7
2111	7
2112	7
2113	7
2114	7
2115	7
2116	7
2117	7
2118	7
2119	7
2120	7
2121	7
2122	7
2123	7
2124	7
2125	7
2126	7
2127	7
2128	7
2129	7
2130	7
2131	7
2132	7
2133	7
2134	7
2135	7
2136	7
2137	7
2138	7
2139	7
2140	7
2141	7
2142	7
2143	7
2144	7
2145	7
2146	7
2147	7
2148	7
2149	7
2150	7
2151	7
2152	7
2153	7
2154	7
2155	7
2156	7
2157	7
2158	8
2159	8
2160	7
2161	7
2162	7
2163	7
2164	7
2165	7
2166	7
2167	7
2168	7
2169	7
2170	7
2171	7
2172	7
2173	7
2174	7
2175	7
2176	7
2177	7
2178	7
2179	7
2180	7
2181	7
2182	7
2183	7
2184	7
2185	7
2186	7
2187	7
2188	7
2189	7
2190	7
2191	7
2192	7
2193	7
2194	7
2195	7
2196	7
2197	7
2198	7
2199	7
2200	7
2201	7
2202	7
2203	7
2204	7
2205	7
2206	7
2207	7
2208	7
2209	7
2210	7
2211	7
2212	7
2213	7
2214	7
2215	7
2216	7
2217	7
2218	7
2219	7
2220	7
2221	7
2222	7
2223	7
2224	7
2225	7
2226	7
2227	7
2228	7
2229	7
2230	7
2231	7
2232	7
2233	7
2234	7
2235	7
2236	7
2237	7
2238	7
2239	7
2240	7
2241	7
2242	8
2243	7
2244	7
2245	7
2246	7
2247	7
2248	7
2249	7
2250	7
2251	7
2252	7
2253	7
2254	7
2255	7
2256	7
2257	7
2258	7
2259	7
2260	7
2261	7
2262	7
2263	7
2264	7
2265	7
2266	7
2267	7
2268	7
2269	7
2270	7
2271	7
2272	7
2273	7
2274	7
2275	7
2276	7
2277	7
2278	7
2279	7
2280	7
2281	7
2282	7
2283	7
2284	7
2285	7
2286	7
2287	7
2288	7
2289	7
2290	7
2291	7
2292	7
2293	7
2294	7
2295	7
2296	7
2297	7
2298	7
2299	7
2300	7
2301	7
2302	7
2303	7
2304	7
2305	7
2306	7
2307	7
2308	7
2309	7
2310	7
2311	7
2312	7
2313	7
2314	7
2315	7
2316	7
2317	7
2318	7
2319	7
2320	7
2321	7
2322	7
2323	7
2324	7
2325	7
2326	7
2327	7
2328	7
2329	7
2330	7
2331	7
2332	7
2333	7
2334	7
2335	7
2336	7
2337	7
2338	7
2339	7
2340	7
2341	7
2342	7
2343	7
2344	7
2345	7
2346	7
2347	7
2348	7
2349	7
2350	7
2351	7
2352	7
2353	7
2354	7
2355	7
2356	7
2357	7
2358	7
2359	7
2360	7
2361	7
2362	7
2363	7
2364	7
2365	7
2366	7
2367	7
2368	7
2369	7
2370	7
2371	7
2372	7
2373	7
2374	8
2375	8
2376	8
2377	8
2378	8
2379	7
2380	7
2381	7
2382	7
2383	7
2384	7
2385	7
2386	7
2387	7
2388	7
2389	7
2390	7
2391	7
2392	7
2393	7
2394	7
2395	7
2396	7
2397	7
2398	7
2399	7
2400	7
2401	7
2402	7
2403	7
2404	7
2405	7
2406	7
2407	7
2408	7
2409	7
2410	7
2411	7
2412	7
2413	7
2414	7
2415	7
2416	7
2417	7
2418	7
2419	7
2420	7
2421	7
2422	7
2423	7
2424	7
2425	7
2426	7
2427	7
2428	7
2429	7
2430	7
2431	7
2432	7
2433	7
2434	7
2435	7
2436	7
2437	7
2438	7
2439	7
2440	7
2441	7
2442	7
2443	7
2444	7
2445	7
2446	7
2447	7
2448	7
2449	7
2450	7
2451	7
2452	7
2453	7
2454	7
2455	7
2456	7
2457	7
2458	7
2459	7
2460	7
2461	7
2462	7
2463	7
2464	7
2465	7
2466	7
2467	7
2468	7
2469	7
2470	7
2471	7
2472	7
2473	7
2474	7
2475	7
2476	7
2477	7
2478	7
2479	7
2480	7
2481	7
2482	7
2483	7
2484	7
2485	7
2486	7
2487	7
2488	7
2489	7
2490	7
2491	7
2492	7
2493	7
2494	7
2495	7
2496	7
2497	7
2498	7
2499	7
2500	7
2501	7
2502	7
2503	7
2504	7
2505	7
2506	7
2507	7
2508	7
2509	7
2510	7
2511	7
2512	7
2513	7
2514	7
2515	7
2516	7
2517	7
2518	7
2519	7
2520	7
2521	7
2522	7
2523	7
2524	7
2525	7
2526	7
2527	7
2528	7
2529	7
2530	7
2531	7
2532	7
2533	7
2534	7
2535	7
2536	7
2537	7
2538	7
2539	7
2540	7
2541	7
2542	7
2543	7
2544	7
2545	7
2546	7
2547	7
2548	7
2549	7
2550	7
2551	7
2552	7
2553	7
2554	7
2555	7
2556	7
2557	7
2558	7
2559	7
2560	7
2561	7
2562	7
2563	7
2564	7
2565	7
2566	7
2567	7
2568	7
2569	7
2570	7
2571	7
2572	7
2573	7
2574	7
2575	7
2576	7
2577	7
2578	7
2579	7
2580	7
2581	7
2582	7
2583	7
2584	7
2585	7
2586	7
2587	7
2588	7
2589	7
2590	7
2591	7
2592	7
2593	7
2594	7
2595	7
2596	7
2597	7
2598	7
2599	7
2600	7
2601	7
2602	7
2603	7
2604	7
2605	7
2606	7
2607	7
2608	7
2609	7
2610	7
2611	7
2612	7
2613	7
2614	7
2615	7
2616	7
2617	7
2618	7
2619	7
2620	7
2621	7
2622	7
2623	7
2624	7
2625	7
2626	7
2627	7
2628	7
2629	7
2630	7
2631	7
2632	7
2633	7
2634	7
2635	7
2636	7
2637	7
2638	7
2639	7
2640	7
2641	7
2642	7
2643	7
2644	7
2645	7
2646	7
2647	7
2648	7
2649	7
2650	7
2651	7
2652	7
2653	7
2654	7
2655	7
2656	7
2657	7
2658	7
2659	7
2660	7
2661	7
2662	7
2663	7
2664	7
2665	7
2666	7
2667	7
2668	7
2669	7
2670	7
2671	7
2672	7
2673	7
2674	7
2675	7
2676	7
2677	7
2678	7
2679	7
2680	7
2681	7
2682	7
2683	7
2684	7
2685	7
2686	7
2687	7
2688	7
2689	7
2690	7
2691	7
2692	7
2693	7
2694	7
2695	7
2696	7
2697	7
2698	7
2699	7
2700	7
2701	7
2702	7
2703	7
2704	7
2705	7
2706	7
2707	7
2708	7
2709	7
2710	7
2711	7
2712	7
2713	7
2714	7
2715	7
2716	7
2717	7
2718	7
2719	7
2720	7
2721	7
2722	7
2723	7
2724	7
2725	7
2726	7
2727	7
2728	7
2729	7
2730	7
2731	7
2732	7
2733	7
2734	7
2735	7
2736	7
2737	7
2738	7
2739	7
2740	7
2741	7
2742	7
2743	7
2744	7
2745	7
2746	7
2747	7
2748	7
2749	7
2750	7
2751	7
2752	7
2753	7
2754	8
2755	8
2756	8
2757	8
2758	7
2759	7
2760	7
2761	7
2762	7
2763	7
2764	7
2765	7
2766	7
2767	7
2768	7
2769	7
2770	7
2771	7
2772	7
2773	7
2774	7
2775	7
2776	7
2777	7
2778	7
2779	7
2780	7
2781	7
2782	7
2783	7
2784	7
2785	7
2786	7
2787	7
2788	7
2789	7
2790	7
2791	7
2792	7
2793	7
2794	7
2795	7
2796	7
2797	7
2798	7
2799	7
2800	7
2801	7
2802	7
2803	7
2804	7
2805	7
2806	7
2807	7
2808	7
2809	7
2810	7
2811	7
2812	7
2813	7
2814	7
2815	7
2816	7
2817	7
2818	7
2819	7
2820	7
2821	7
2822	7
2823	7
2824	7
2825	7
2826	7
2827	7
2828	7
2829	7
2830	7
2831	7
2832	7
2833	7
2834	7
2835	7
2836	7
2837	7
2838	7
2839	7
2840	7
2841	7
2842	7
2843	7
2844	7
2845	7
2846	7
2847	7
2848	7
2849	7
2850	7
2851	7
2852	7
2853	7
2854	7
2855	7
2856	7
2857	7
2858	7
2859	7
2860	7
2861	7
2862	7
2863	7
2864	7
2865	7
2866	7
2867	7
2868	7
2869	7
2870	7
2871	7
2872	7
2873	7
2874	7
2875	7
2876	7
2877	7
2878	7
2879	7
2880	7
2881	7
2882	7
2883	7
2884	7
2885	7
2886	7
2887	7
2888	7
2889	7
2890	7
2891	7
2892	7
2893	7
2894	7
2895	7
2896	7
2897	7
2898	7
2899	7
2900	7
2901	7
2902	7
2903	7
2904	7
2905	7
2906	7
2907	7
2908	7
2909	7
2910	7
2911	7
2912	7
2913	7
2914	7
2915	7
2916	7
2917	7
2918	7
2919	7
2920	7
2921	7
2922	7
2923	7
2924	7
2925	7
2926	7
2927	7
2928	7
2929	7
2930	7
2931	7
2932	7
2933	7
2934	7
2935	7
2936	7
2937	7
2938	7
2939	7
2940	7
2941	7
2942	7
2943	7
2944	7
2945	7
2946	7
2947	7
2948	7
2949	7
2950	7
2951	7
2952	7
2953	7
2954	7
2955	7
2956	7
2957	7
2958	7
2959	7
2960	7
2961	7
2962	7
2963	7
2964	7
2965	8
2966	7
2967	7
2968	7
2969	7
2970	7
2971	7
2972	7
2973	7
2974	7
2975	7
2976	7
2977	7
2978	7
2979	7
2980	7
2981	7
2982	7
2983	7
2984	7
2985	7
2986	7
2987	7
2988	7
2989	7
2990	7
2991	7
2992	7
2993	7
2994	7
2995	7
2996	7
2997	7
2998	7
2999	7
3000	7
3001	7
3002	7
3003	7
3004	7
3005	7
3006	7
3007	7
3008	7
3009	7
3010	7
3011	7
3012	7
3013	7
3014	7
3015	7
3016	7
3017	7
3018	7
3019	7
3020	7
3021	7
3022	7
3023	7
3024	7
3025	7
3026	7
3027	7
3028	7
3029	7
3030	7
3031	7
3032	7
3033	7
3034	7
3035	7
3036	7
3037	7
3038	7
3039	7
3040	7
3041	7
3042	7
3043	7
3044	7
3045	7
3046	7
3047	7
3048	7
3049	7
3050	7
3051	7
3052	7
3053	7
3054	7
3055	7
3056	7
3057	7
3058	7
3059	7
3060	7
3061	7
3062	7
3063	7
3064	7
3065	7
3066	7
3067	7
3068	7
3069	7
3070	7
3071	7
3072	7
3073	7
3074	7
3075	7
3076	7
3077	7
3078	7
3079	7
3080	7
3081	7
3082	7
3083	7
3084	7
3085	7
3086	7
3087	7
3088	7
3089	7
3090	7
3091	7
3092	7
3093	7
3094	7
3095	7
3096	7
3097	7
3098	8
3099	8
3100	8
3101	8
3102	8
3103	8
3104	8
3105	8
3106	8
3107	8
3108	8
3109	8
3110	8
3111	8
3112	7
3113	7
3114	7
3115	7
3116	7
3117	7
3118	7
3119	7
3120	7
3121	7
3122	7
3123	7
3124	7
3125	7
3126	7
3127	7
3128	7
3129	7
3130	7
3131	7
3132	7
3133	7
3134	7
3135	7
3136	7
3137	7
3138	7
3139	7
3140	7
3141	7
3142	7
3143	7
3144	7
3145	7
3146	7
3147	7
3148	7
3149	7
3150	7
3151	7
3152	7
3153	7
3154	7
3155	7
3156	7
3157	7
3158	7
3159	7
3160	7
3161	7
3162	7
3163	7
3164	7
3165	7
3166	7
3167	7
3168	7
3169	7
3170	7
3171	7
3172	7
3173	7
3174	7
3175	7
3176	7
3177	7
3178	7
3179	7
3180	7
3181	7
3182	7
3183	7
3184	7
3185	7
3186	7
3187	7
3188	7
3189	7
3190	7
3191	7
3192	7
3193	7
3194	7
3195	7
3196	7
3197	7
3198	7
3199	7
3200	7
3201	7
3202	7
3203	7
3204	7
3205	7
3206	7
3207	7
3208	7
3209	7
3210	7
3211	7
3212	7
3213	7
3214	7
3215	7
3216	7
3217	7
3218	7
3219	7
3220	7
3221	7
3222	7
3223	7
3224	7
3225	7
3226	7
3227	7
3228	7
3229	7
3230	7
3231	7
3232	7
3233	7
3234	7
3235	7
3236	7
3237	7
3238	7
3239	7
3240	7
3241	7
3242	7
3243	7
3244	7
3245	7
3246	7
3247	7
3248	7
3249	7
3250	7
3251	7
3252	7
3253	7
3254	7
3255	7
3256	7
3257	7
3258	7
3259	7
3260	7
3261	7
3262	7
3263	7
3264	7
3265	7
3266	7
3267	7
3268	7
3269	7
3270	7
3271	7
3272	7
3273	7
3274	7
3275	7
3276	7
3277	7
3278	7
3279	7
3280	7
3281	7
3282	7
3283	7
3284	7
3285	7
3286	7
3287	7
3288	7
3289	7
3290	7
3291	7
3292	7
3293	7
3294	7
3295	7
3296	7
3297	7
3298	7
3299	7
3300	7
3301	7
3302	7
3303	7
3304	7
3305	7
3306	7
3307	7
3308	7
3309	7
3310	7
3311	7
3312	7
3313	7
3314	7
3315	7
3316	7
3317	7
3318	7
3319	7
3320	7
3321	7
3322	7
3323	7
3324	7
3325	7
3326	7
3327	8
3328	8
3329	8
3330	9
3331	9
3332	9
3333	9
3334	9
3335	9
3336	9
3337	9
3338	9
3339	9
3340	9
3341	9
3342	9
3343	9
3344	9
3345	9
3346	9
3347	9
3348	9
3349	9
3350	9
3351	9
3352	9
3353	9
3354	9
3355	9
3356	9
3357	9
3358	9
3359	9
3360	9
3361	9
3362	9
3363	9
3364	9
3365	9
3366	9
3367	9
3368	9
3369	9
3370	9
3371	9
3372	9
3373	9
3374	9
3375	9
3376	9
3377	9
3378	9
3379	9
3380	9
3381	9
3382	9
3383	9
3384	9
3385	9
3386	9
3387	9
3388	9
3389	9
3390	9
3391	9
3392	9
3393	9
3394	9
3395	9
3396	9
3397	9
3398	9
3399	9
3400	9
3401	9
3402	9
3403	9
3404	9
3405	9
3406	9
3407	9
3408	9
3409	9
3410	9
3411	9
3412	9
3413	9
3414	9
3415	9
3416	9
3417	9
3418	9
3419	9
3420	9
3421	9
3422	9
3423	9
3424	9
3425	9
3426	9
3427	9
3428	9
3429	9
3430	9
3431	9
3432	9
3433	9
3434	9
3435	9
3436	9
3437	9
3438	9
3439	9
3440	9
3441	9
3442	9
3443	9
3444	9
3445	9
3446	9
3447	9
3448	9
3449	9
3450	9
3451	9
3452	9
3453	9
3454	9
3455	9
3456	9
3457	9
3458	9
3459	9
3460	9
3461	9
3462	9
3463	9
3464	9
3465	9
3466	9
3467	9
3468	9
3469	9
3470	9
3471	9
3472	9
3473	9
3474	9
3475	9
3476	9
3477	9
3478	9
3479	9
3480	9
3481	9
3482	9
3483	9
3484	9
3485	9
3486	9
3487	9
3488	9
3489	9
3490	9
3491	9
3492	9
3493	9
3494	9
3495	9
3496	9
3497	9
3498	9
3499	9
3500	9
3501	9
3502	9
3503	9
3504	9
3505	9
3506	9
3507	9
3508	9
3509	9
3510	9
3511	9
3512	9
3513	9
3514	9
3515	9
3516	9
3517	9
3518	9
3519	9
3520	9
3521	9
3522	9
3523	9
3524	9
3525	9
3526	9
3527	9
3528	9
3529	9
3530	9
3531	9
3532	9
3533	9
3534	9
3535	9
3536	9
3537	9
3538	9
3539	9
3540	9
3541	9
3542	9
3543	9
3544	9
3545	9
3546	9
3547	9
3548	9
3549	9
3550	9
3551	9
3552	9
3553	9
3554	9
3555	9
3556	9
3557	9
3558	9
3559	9
3560	9
3561	9
3562	9
3563	9
3564	9
3565	9
3566	9
3567	9
3568	9
3569	9
3570	9
3571	9
3572	9
3573	9
3574	9
3575	9
3576	9
3577	9
3578	9
3579	9
3580	9
3581	9
3582	9
3583	9
3584	9
3585	9
3586	9
3587	9
3588	9
3589	9
3590	9
3591	9
3592	9
3593	9
3594	9
3595	9
3596	9
3597	9
3598	9
3599	9
3600	9
3601	9
3602	9
3603	9
3604	9
3605	9
3606	9
3607	9
3608	9
3609	9
3610	9
3611	9
3612	9
3613	9
3614	9
3615	9
3616	9
3617	9
3618	9
3619	9
3620	9
3621	9
3622	9
3623	9
3624	9
3625	9
3626	9
3627	9
3628	9
3629	9
3630	9
3631	9
3632	9
3633	9
3634	9
3635	9
3636	9
3637	9
3638	9
3639	9
3640	9
3641	9
3642	9
3643	9
3644	9
3645	9
3646	9
3647	9
3648	9
3649	9
3650	9
3651	9
3652	9
3653	9
3654	9
3655	9
3656	9
3657	9
3658	9
3659	9
3660	9
3661	9
3662	9
3663	9
3664	9
3665	9
3666	9
3667	9
3668	9
3669	9
3670	9
3671	9
3672	9
3673	9
3674	9
3675	9
3676	9
3677	9
3678	9
3679	9
3680	9
3681	9
3682	9
3683	9
3684	9
3685	9
3686	9
3687	9
3688	9
3689	9
3690	9
3691	9
3692	9
3693	9
3694	9
3695	9
3696	9
3697	9
3698	9
3699	9
3700	9
3701	9
3702	9
3703	9
3704	9
3705	9
3706	9
3707	9
3708	9
3709	9
3710	9
3711	9
3712	9
3713	9
3714	9
3715	9
3716	9
3717	9
3718	9
3719	9
3720	9
3721	9
3722	9
3723	9
3724	9
3725	9
3726	9
3727	9
3728	9
3729	9
3730	9
3731	9
3732	9
3733	9
3734	9
3735	9
3736	9
3737	9
3738	9
3739	9
3740	9
3741	9
3742	9
3743	9
3744	9
3745	9
3746	9
3747	9
3748	9
3749	9
3750	9
3751	9
3752	9
3753	9
3754	9
3755	9
3756	9
3757	9
3758	9
3759	9
3760	9
3761	9
3762	9
3763	9
3764	9
3765	9
3766	9
3767	9
3768	9
3769	9
3770	9
3771	9
3772	9
3773	9
3774	9
3775	9
3776	9
3777	9
3778	9
3779	9
3780	9
3781	9
3782	9
3783	9
3784	9
3785	9
3786	9
3787	9
3788	9
3789	9
3790	9
3791	9
3792	9
3793	9
3794	9
3795	9
3796	9
3797	9
3798	9
3799	9
3800	9
3801	9
3802	9
3803	9
3804	9
3805	9
3806	9
3807	9
3808	9
3809	9
3810	9
3811	9
3812	9
3813	9
3814	9
3815	9
3816	9
3817	9
3818	9
3819	9
3820	9
3821	9
3822	9
3823	9
3824	9
3825	9
3826	9
3827	9
3828	9
3829	9
3830	9
3831	9
3832	9
3833	9
3834	9
3835	9
3836	9
3837	10
3838	10
3839	10
3840	10
3841	10
3842	10
3843	10
3844	10
3845	10
3846	10
3847	10
3848	10
3849	10
3850	10
3851	10
3852	10
3853	10
3854	10
3855	10
3856	10
3857	10
3858	10
3859	11
3860	11
3861	10
3862	10
3863	10
3864	10
3865	10
3866	10
3867	10
3868	10
3869	10
3870	10
3871	10
3872	10
3873	10
3874	10
3875	10
3876	10
3877	10
3878	10
3879	10
3880	10
3881	10
3882	10
3883	10
3884	10
3885	10
3886	10
3887	10
3888	10
3889	10
3890	10
3891	10
3892	10
3893	9
3894	9
3895	9
3896	9
3897	9
3898	9
3899	9
3900	9
3901	9
3902	9
3903	9
3904	9
3905	9
3906	9
3907	9
3908	9
3909	9
3910	9
3911	9
3912	9
3913	9
3914	9
3915	9
3916	9
3917	9
3918	9
3919	9
3920	9
3921	9
3922	9
3923	9
3924	9
3925	9
3926	9
3927	9
3928	9
3929	9
3930	9
3931	9
3932	9
3933	9
3934	9
3935	9
3936	9
3937	9
3938	9
3939	9
3940	9
3941	10
3942	10
3943	10
3944	10
3945	10
3946	10
3947	9
3948	9
3949	9
3950	9
3951	9
3952	9
3953	9
3954	9
3955	9
3956	9
3957	9
3958	9
3959	9
3960	9
3961	9
3962	9
3963	9
3964	9
3965	9
3966	9
3967	9
3968	9
3969	9
3970	9
3971	9
3972	9
3973	9
3974	9
3975	9
3976	9
3977	9
3978	9
3979	9
3980	9
3981	9
3982	9
3983	9
3984	9
3985	9
3986	9
3987	9
3988	9
3989	9
3990	9
3991	9
3992	9
3993	9
3994	9
3995	9
3996	9
3997	9
3998	9
3999	9
4000	9
4001	9
4002	9
4003	9
4004	9
4005	9
4006	9
4007	9
4008	9
4009	9
4010	9
4011	9
4012	9
4013	9
4014	9
4015	9
4016	9
4017	9
4018	9
4019	9
4020	9
4021	9
4022	9
4023	9
4024	9
4025	9
4026	9
4027	9
4028	9
4029	9
4030	9
4031	9
4032	9
4033	9
4034	9
4035	9
4036	9
4037	9
4038	9
4039	9
4040	9
4041	9
4042	9
4043	9
4044	9
4045	9
4046	9
4047	9
4048	9
4049	9
4050	9
4051	9
4052	9
4053	9
4054	9
4055	9
4056	9
4057	9
4058	9
4059	9
4060	9
4061	9
4062	9
4063	9
4064	9
4065	9
4066	9
4067	9
4068	9
4069	9
4070	10
4071	10
4072	9
4073	9
4074	9
4075	9
4076	9
4077	9
4078	9
4079	9
4080	9
4081	9
4082	9
4083	9
4084	9
4085	9
4086	9
4087	9
4088	9
4089	9
4090	9
4091	9
4092	9
4093	9
4094	9
4095	9
4096	9
4097	9
4098	9
4099	9
4100	9
4101	9
4102	9
4103	9
4104	9
4105	9
4106	9
4107	9
4108	9
4109	9
4110	9
4111	9
4112	9
4113	9
4114	9
4115	9
4116	9
4117	9
4118	9
4119	9
4120	9
4121	9
4122	9
4123	9
4124	9
4125	10
4126	10
4127	10
4128	10
4129	9
4130	9
4131	9
4132	9
4133	9
4134	9
4135	9
4136	9
4137	9
4138	9
4139	9
4140	9
4141	9
4142	9
4143	9
4144	9
4145	9
4146	9
4147	9
4148	9
4149	9
4150	9
4151	9
4152	9
4153	9
4154	9
4155	9
4156	9
4157	9
4158	9
4159	9
4160	9
4161	9
4162	9
4163	9
4164	9
4165	9
4166	9
4167	9
4168	9
4169	9
4170	9
4171	9
4172	9
4173	9
4174	9
4175	9
4176	9
4177	9
4178	9
4179	9
4180	9
4181	9
4182	9
4183	9
4184	9
4185	9
4186	9
4187	9
4188	9
4189	9
4190	9
4191	9
4192	9
4193	9
4194	9
4195	9
4196	9
4197	9
4198	9
4199	9
4200	9
4201	9
4202	9
4203	9
4204	9
4205	9
4206	9
4207	9
4208	9
4209	9
4210	9
4211	9
4212	9
4213	9
4214	9
4215	9
4216	9
4217	9
4218	9
4219	9
4220	9
4221	9
4222	9
4223	9
4224	9
4225	9
4226	9
4227	9
4228	9
4229	9
4230	9
4231	9
4232	9
4233	9
4234	9
4235	9
4236	9
4237	9
4238	9
4239	9
4240	9
4241	9
4242	9
4243	9
4244	9
4245	9
4246	9
4247	9
4248	9
4249	9
4250	9
4251	9
4252	9
4253	9
4254	9
4255	9
4256	9
4257	9
4258	9
4259	9
4260	9
4261	9
4262	9
4263	9
4264	9
4265	9
4266	9
4267	9
4268	9
4269	9
4270	9
4271	9
4272	9
4273	9
4274	9
4275	9
4276	9
4277	9
4278	9
4279	9
4280	9
4281	9
4282	9
4283	9
4284	9
4285	9
4286	9
4287	9
4288	9
4289	9
4290	9
4291	9
4292	9
4293	9
4294	9
4295	9
4296	9
4297	9
4298	9
4299	9
4300	9
4301	9
4302	9
4303	9
4304	9
4305	9
4306	9
4307	9
4308	9
4309	9
4310	9
4311	9
4312	9
4313	9
4314	9
4315	9
4316	9
4317	9
4318	9
4319	9
4320	9
4321	9
4322	9
4323	9
4324	9
4325	9
4326	9
4327	9
4328	9
4329	9
4330	9
4331	9
4332	9
4333	9
4334	9
4335	9
4336	9
4337	9
4338	9
4339	9
4340	9
4341	9
4342	9
4343	9
4344	9
4345	9
4346	9
4347	9
4348	9
4349	9
4350	9
4351	9
4352	9
4353	9
4354	9
4355	9
4356	9
4357	9
4358	9
4359	9
4360	9
4361	9
4362	9
4363	9
4364	9
4365	9
4366	9
4367	9
4368	9
4369	9
4370	9
4371	9
4372	9
4373	9
4374	9
4375	9
4376	9
4377	9
4378	9
4379	9
4380	9
4381	9
4382	9
4383	9
4384	9
4385	9
4386	9
4387	9
4388	9
4389	9
4390	9
4391	9
4392	9
4393	9
4394	9
4395	9
4396	9
4397	9
4398	9
4399	9
4400	9
4401	9
4402	9
4403	9
4404	9
4405	9
4406	9
4407	9
4408	9
4409	9
4410	9
4411	9
4412	9
4413	9
4414	9
4415	9
4416	9
4417	9
4418	9
4419	9
4420	9
4421	9
4422	9
4423	9
4424	9
4425	9
4426	9
4427	9
4428	9
4429	9
4430	9
4431	9
4432	9
4433	9
4434	9
4435	9
4436	9
4437	9
4438	9
4439	9
4440	9
4441	9
4442	9
4443	9
4444	9
4445	9
4446	9
4447	9
4448	9
4449	9
4450	9
4451	9
4452	9
4453	9
4454	9
4455	9
4456	9
4457	9
4458	9
4459	9
4460	9
4461	9
4462	9
4463	9
4464	9
4465	9
4466	9
4467	9
4468	9
4469	9
4470	9
4471	9
4472	9
4473	9
4474	9
4475	9
4476	9
4477	9
4478	9
4479	9
4480	9
4481	9
4482	9
4483	9
4484	9
4485	9
4486	9
4487	9
4488	9
4489	9
4490	9
4491	9
4492	9
4493	9
4494	9
4495	9
4496	9
4497	9
4498	9
4499	9
4500	9
4501	9
4502	9
4503	9
4504	9
4505	9
4506	9
4507	9
4508	9
4509	9
4510	9
4511	9
4512	9
4513	9
4514	9
4515	9
4516	9
4517	9
4518	9
4519	9
4520	9
4521	9
4522	9
4523	9
4524	9
4525	9
4526	9
4527	9
4528	9
4529	9
4530	9
4531	9
4532	9
4533	9
4534	9
4535	9
4536	9
4537	9
4538	9
4539	9
4540	9
4541	9
4542	9
4543	9
4544	9
4545	9
4546	9
4547	9
4548	9
4549	9
4550	9
4551	9
4552	9
4553	9
4554	9
4555	9
4556	9
4557	9
4558	9
4559	9
4560	9
4561	9
4562	9
4563	9
4564	9
4565	9
4566	9
4567	9
4568	9
4569	9
4570	9
4571	9
4572	9
4573	9
4574	9
4575	9
4576	9
4577	9
4578	9
4579	9
4580	9
4581	9
4582	9
4583	9
4584	9
4585	9
4586	9
4587	9
4588	9
4589	9
4590	9
4591	9
4592	9
4593	9
4594	9
4595	9
4596	9
4597	9
4598	9
4599	9
4600	9
4601	9
4602	9
4603	9
4604	9
4605	9
4606	9
4607	9
4608	9
4609	9
4610	9
4611	9
4612	9
4613	9
4614	9
4615	9
4616	9
4617	9
4618	9
4619	9
4620	9
4621	9
4622	9
4623	9
4624	9
4625	9
4626	9
4627	9
4628	9
4629	9
4630	9
4631	9
4632	9
4633	9
4634	9
4635	9
4636	9
4637	9
4638	9
4639	9
4640	9
4641	9
4642	9
4643	9
4644	9
4645	9
4646	9
4647	9
4648	9
4649	9
4650	9
4651	9
4652	9
4653	9
4654	9
4655	9
4656	9
4657	9
4658	9
4659	9
4660	9
4661	9
4662	10
4663	10
4664	10
4665	10
4666	10
4667	10
4668	10
4669	10
4670	10
4671	9
4672	9
4673	9
4674	9
4675	9
4676	9
4677	9
4678	9
4679	9
4680	9
4681	9
4682	9
4683	9
4684	9
4685	9
4686	9
4687	9
4688	9
4689	9
4690	9
4691	9
4692	9
4693	9
4694	9
4695	9
4696	10
4697	10
4698	10
4699	9
4700	9
4701	9
4702	9
4703	9
4704	9
4705	9
4706	9
4707	9
4708	9
4709	9
4710	9
4711	9
4712	9
4713	9
4714	9
4715	9
4716	9
4717	9
4718	9
4719	9
4720	9
4721	9
4722	9
4723	9
4724	9
4725	9
4726	9
4727	9
4728	9
4729	9
4730	9
4731	9
4732	9
4733	9
4734	9
4735	9
4736	9
4737	9
4738	9
4739	9
4740	9
4741	9
4742	9
4743	9
4744	9
4745	9
4746	9
4747	9
4748	9
4749	9
4750	9
4751	9
4752	9
4753	9
4754	9
4755	9
4756	9
4757	9
4758	9
4759	9
4760	9
4761	9
4762	9
4763	9
4764	9
4765	9
4766	9
4767	9
4768	9
4769	9
4770	9
4771	9
4772	9
4773	9
4774	9
4775	9
4776	9
4777	9
4778	9
4779	9
4780	9
4781	9
4782	9
4783	9
4784	9
4785	9
4786	9
4787	9
4788	9
4789	9
4790	9
4791	9
4792	9
4793	9
4794	9
4795	9
4796	9
4797	9
4798	9
4799	9
4800	9
4801	9
4802	9
4803	9
4804	9
4805	10
4806	10
4807	10
4808	9
4809	9
4810	9
4811	9
4812	9
4813	9
4814	9
4815	9
4816	9
4817	9
4818	9
4819	9
4820	9
4821	9
4822	9
4823	9
4824	9
4825	9
4826	9
4827	9
4828	9
4829	9
4830	9
4831	9
4832	9
4833	9
4834	9
4835	9
4836	9
4837	9
4838	9
4839	9
4840	9
4841	9
4842	9
4843	9
4844	9
4845	9
4846	9
4847	9
4848	9
4849	9
4850	9
4851	9
4852	9
4853	9
4854	9
4855	9
4856	10
4857	10
4858	10
4859	10
4860	11
4861	11
4862	10
4863	10
4864	10
4865	10
4866	10
4867	10
4868	10
4869	10
4870	10
4871	9
4872	9
4873	9
4874	9
4875	9
4876	9
4877	9
4878	9
4879	9
4880	9
4881	9
4882	9
4883	9
4884	9
4885	9
4886	9
4887	9
4888	9
4889	9
4890	9
4891	9
4892	9
4893	9
4894	9
4895	9
4896	9
4897	9
4898	9
4899	9
4900	9
4901	9
4902	9
4903	9
4904	9
4905	9
4906	9
4907	9
4908	9
4909	9
4910	9
4911	9
4912	9
4913	9
4914	9
4915	9
4916	9
4917	9
4918	9
4919	9
4920	9
4921	9
4922	9
4923	9
4924	9
4925	9
4926	9
4927	9
4928	9
4929	9
4930	9
4931	9
4932	9
4933	9
4934	9
4935	9
4936	9
4937	9
4938	9
4939	9
4940	9
4941	9
4942	9
4943	9
4944	9
4945	9
4946	9
4947	9
4948	9
4949	9
4950	9
4951	9
4952	9
4953	9
4954	9
4955	9
4956	9
4957	9
4958	9
4959	9
4960	9
4961	9
4962	9
4963	9
4964	9
4965	9
4966	9
4967	9
4968	9
4969	9
4970	9
4971	9
4972	9
4973	9
4974	9
4975	9
4976	9
4977	9
4978	9
4979	9
4980	9
4981	9
4982	9
4983	9
4984	9
4985	9
4986	9
4987	9
4988	9
4989	9
4990	9
4991	9
4992	9
4993	9
4994	9
4995	9
4996	9
4997	9
4998	9
4999	9
5000	9
5001	9
5002	9
5003	9
5004	9
5005	9
5006	9
5007	9
5008	9
5009	9
5010	9
5011	9
5012	9
5013	9
5014	9
5015	9
5016	9
5017	9
5018	9
5019	9
5020	9
5021	9
5022	9
5023	9
5024	9
5025	9
5026	9
5027	9
5028	9
5029	9
5030	9
5031	9
5032	9
5033	9
5034	9
5035	9
5036	9
5037	9
5038	9
5039	9
5040	9
5041	9
5042	9
5043	9
5044	9
5045	9
5046	9
5047	9
5048	9
5049	9
5050	9
5051	9
5052	9
5053	9
5054	9
5055	9
5056	9
5057	9
5058	9
5059	9
5060	9
5061	9
5062	9
5063	9
5064	9
5065	9
5066	9
5067	9
5068	9
5069	9
5070	9
5071	9
5072	9
5073	9
5074	9
5075	9
5076	9
5077	9
5078	9
5079	9
5080	9
5081	9
5082	9
5083	9
5084	9
5085	9
5086	9
5087	9
5088	9
5089	9
5090	9
5091	9
5092	9
5093	9
5094	9
5095	9
5096	9
5097	9
5098	9
5099	9
5100	9
5101	9
5102	9
5103	9
5104	9
5105	9
5106	9
5107	9
5108	9
5109	9
5110	9
5111	9
5112	9
5113	9
5114	9
5115	9
5116	9
5117	9
5118	9
5119	9
5120	9
5121	9
5122	9
5123	9
5124	9
5125	9
5126	9
5127	9
5128	9
5129	9
5130	9
5131	9
5132	9
5133	9
5134	9
5135	9
5136	9
5137	9
5138	9
5139	9
5140	9
5141	9
5142	9
5143	9
5144	9
5145	9
5146	9
5147	9
5148	9
5149	9
5150	9
5151	9
5152	9
5153	9
5154	9
5155	9
5156	9
5157	9
5158	9
5159	9
5160	9
5161	9
5162	9
5163	9
5164	9
5165	9
5166	9
5167	9
5168	9
5169	9
5170	9
5171	9
5172	9
5173	9
5174	9
5175	9
5176	9
5177	9
5178	9
5179	9
5180	9
5181	9
5182	9
5183	9
5184	9
5185	9
5186	9
5187	9
5188	9
5189	9
5190	9
5191	9
5192	9
5193	9
5194	9
5195	9
5196	9
5197	9
5198	9
5199	9
5200	9
5201	9
5202	9
5203	9
5204	9
5205	9
5206	9
5207	9
5208	9
5209	9
5210	9
5211	9
5212	9
5213	9
5214	9
5215	9
5216	9
5217	9
5218	9
5219	9
5220	9
5221	9
5222	9
5223	9
5224	9
5225	10
5226	10
5227	10
5228	9
5229	9
5230	9
5231	9
5232	9
5233	9
5234	9
5235	9
5236	9
5237	9
5238	9
5239	9
5240	9
5241	9
5242	9
5243	9
5244	9
5245	9
5246	9
5247	9
5248	9
5249	9
5250	9
5251	9
5252	9
5253	9
5254	9
5255	9
5256	9
5257	9
5258	9
5259	9
5260	9
5261	9
5262	9
5263	9
5264	9
5265	9
5266	9
5267	9
5268	9
5269	9
5270	9
5271	9
5272	9
5273	9
5274	9
5275	9
5276	9
5277	9
5278	9
5279	9
5280	9
5281	9
5282	9
5283	9
5284	9
5285	9
5286	9
5287	9
5288	9
5289	9
5290	9
5291	9
5292	9
5293	9
5294	9
5295	9
5296	9
5297	9
5298	9
5299	9
5300	9
5301	9
5302	9
5303	9
5304	9
5305	9
5306	9
5307	9
5308	9
5309	9
5310	9
5311	9
5312	9
5313	9
5314	9
5315	9
5316	9
5317	9
5318	9
5319	9
5320	9
5321	9
5322	9
5323	9
5324	9
5325	9
5326	9
5327	9
5328	9
5329	9
5330	9
5331	9
5332	9
5333	9
5334	9
5335	9
5336	9
5337	9
5338	9
5339	9
5340	9
5341	9
5342	9
5343	9
5344	9
5345	9
5346	9
5347	9
5348	9
5349	9
5350	9
5351	9
5352	9
5353	9
5354	9
5355	9
5356	9
5357	9
5358	9
5359	9
5360	9
5361	9
5362	9
5363	9
5364	9
5365	9
5366	9
5367	9
5368	9
5369	9
5370	9
5371	9
5372	9
5373	9
5374	9
5375	9
5376	9
5377	9
5378	9
5379	9
5380	9
5381	9
5382	9
5383	9
5384	9
5385	9
5386	9
5387	9
5388	9
5389	9
5390	9
5391	9
5392	9
5393	9
5394	9
5395	9
5396	9
5397	9
5398	9
5399	9
5400	9
5401	9
5402	9
5403	9
5404	9
5405	9
5406	9
5407	9
5408	9
5409	9
5410	9
5411	9
5412	9
5413	9
5414	9
5415	9
5416	9
5417	9
5418	9
5419	9
5420	9
5421	9
5422	9
5423	9
5424	9
5425	9
5426	9
5427	9
5428	9
5429	9
5430	9
5431	9
5432	9
5433	9
5434	9
5435	9
5436	9
5437	9
5438	9
5439	9
5440	9
5441	9
5442	9
5443	9
5444	9
5445	9
5446	9
5447	9
5448	9
5449	9
5450	9
5451	9
5452	9
5453	9
5454	9
5455	9
5456	9
5457	9
5458	9
5459	9
5460	9
5461	9
5462	9
5463	9
5464	9
5465	9
5466	9
5467	9
5468	9
5469	9
5470	9
5471	9
5472	9
5473	9
5474	9
5475	9
5476	9
5477	9
5478	9
5479	9
5480	9
5481	9
5482	9
5483	9
5484	9
5485	9
5486	9
5487	9
5488	9
5489	9
5490	9
5491	9
5492	9
5493	9
5494	9
5495	9
5496	9
5497	9
5498	9
5499	9
5500	9
5501	9
5502	9
5503	9
5504	9
5505	9
5506	9
5507	9
5508	9
5509	9
5510	9
5511	9
5512	9
5513	9
5514	9
5515	9
5516	9
5517	9
5518	9
5519	9
5520	9
5521	9
5522	9
5523	9
5524	9
5525	9
5526	9
5527	9
5528	9
5529	9
5530	9
5531	9
5532	9
5533	9
5534	9
5535	9
5536	9
5537	9
5538	9
5539	9
5540	9
5541	9
5542	9
5543	9
5544	9
5545	9
5546	9
5547	9
5548	9
5549	9
5550	9
5551	9
5552	9
5553	9
5554	9
5555	9
5556	9
5557	9
5558	9
5559	9
5560	9
5561	9
5562	9
5563	9
5564	9
5565	9
5566	9
5567	9
5568	9
5569	9
5570	9
5571	9
5572	9
5573	9
5574	9
5575	9
5576	9
5577	9
5578	9
5579	9
5580	9
5581	9
5582	9
5583	9
5584	9
5585	9
5586	9
5587	9
5588	9
5589	9
5590	9
5591	9
5592	9
5593	9
5594	9
5595	9
5596	9
5597	9
5598	9
5599	9
5600	9
5601	9
5602	9
5603	9
5604	9
5605	9
5606	9
5607	9
5608	9
5609	9
5610	9
5611	9
5612	9
5613	9
5614	9
5615	9
5616	9
5617	9
5618	9
5619	9
5620	9
5621	9
5622	9
5623	9
5624	9
5625	9
5626	9
5627	9
5628	9
5629	9
5630	9
5631	9
5632	9
5633	9
5634	9
5635	9
5636	9
5637	9
5638	9
5639	9
5640	9
5641	9
5642	9
5643	9
5644	9
5645	9
5646	9
5647	9
5648	9
5649	9
5650	9
5651	9
5652	9
5653	9
5654	9
5655	9
5656	9
5657	9
5658	9
5659	9
5660	9
5661	9
5662	9
5663	9
5664	9
5665	9
5666	9
5667	9
5668	9
5669	9
5670	9
5671	9
5672	9
5673	9
5674	9
5675	9
5676	9
5677	9
5678	9
5679	9
5680	9
5681	9
5682	9
5683	9
5684	9
5685	9
5686	9
5687	9
5688	9
5689	9
5690	9
5691	9
5692	9
5693	9
5694	9
5695	9
5696	9
5697	9
5698	9
5699	9
5700	9
5701	9
5702	9
5703	9
5704	9
5705	9
5706	9
5707	9
5708	9
5709	9
5710	9
5711	9
5712	9
5713	9
5714	9
5715	9
5716	9
5717	9
5718	9
5719	9
5720	9
5721	9
5722	9
5723	9
5724	9
5725	9
5726	9
5727	9
5728	9
5729	9
5730	9
5731	9
5732	9
5733	9
5734	9
5735	9
5736	9
5737	9
5738	9
5739	9
5740	9
5741	9
5742	9
5743	9
5744	9
5745	9
5746	9
5747	9
5748	9
5749	9
5750	9
5751	9
5752	9
5753	9
5754	9
5755	9
5756	9
5757	9
5758	9
5759	9
5760	9
5761	9
5762	9
5763	9
5764	9
5765	9
5766	9
5767	9
5768	9
5769	9
5770	9
5771	9
5772	9
5773	9
5774	9
5775	9
5776	9
5777	9
5778	9
5779	9
5780	9
5781	9
5782	9
5783	9
5784	9
5785	9
5786	9
5787	9
5788	9
5789	9
5790	9
5791	9
5792	9
5793	9
5794	9
5795	9
5796	9
5797	9
5798	9
5799	9
5800	9
5801	9
5802	9
5803	9
5804	9
5805	9
5806	9
5807	9
5808	9
5809	9
5810	9
5811	9
5812	9
5813	10
5814	9
5815	9
5816	9
5817	9
5818	9
5819	9
5820	9
5821	9
5822	9
5823	9
5824	9
5825	9
5826	9
5827	9
5828	9
5829	9
5830	9
5831	9
5832	9
5833	9
5834	9
5835	9
5836	9
5837	9
5838	9
5839	9
5840	9
5841	9
5842	9
5843	9
5844	9
5845	9
5846	9
5847	9
5848	9
5849	9
5850	9
5851	9
5852	9
5853	9
5854	9
5855	9
5856	9
5857	9
5858	9
5859	9
5860	9
5861	9
5862	9
5863	9
5864	9
5865	9
5866	9
5867	9
5868	9
5869	9
5870	9
5871	9
5872	9
5873	9
5874	9
5875	9
5876	9
5877	9
5878	9
5879	9
5880	9
5881	9
5882	9
5883	9
5884	9
5885	9
5886	9
5887	9
5888	9
5889	9
5890	9
5891	9
5892	9
5893	9
5894	9
5895	9
5896	9
5897	9
5898	9
5899	9
5900	9
5901	9
5902	9
5903	9
5904	9
5905	9
5906	9
5907	9
5908	9
5909	9
5910	9
5911	9
5912	9
5913	9
5914	9
5915	9
5916	9
5917	9
5918	9
5919	9
5920	9
5921	9
5922	9
5923	9
5924	9
5925	9
5926	9
5927	9
5928	9
5929	9
5930	9
5931	9
5932	9
5933	9
5934	9
5935	9
5936	9
5937	9
5938	9
5939	9
5940	9
5941	9
5942	9
5943	9
5944	9
5945	9
5946	9
5947	9
5948	9
5949	9
5950	9
5951	9
5952	9
5953	9
5954	9
5955	9
5956	9
5957	9
5958	9
5959	9
5960	9
5961	9
5962	9
5963	9
5964	9
5965	9
5966	9
5967	9
5968	9
5969	9
5970	9
5971	9
5972	9
5973	9
5974	9
5975	9
5976	9
5977	9
5978	9
5979	9
5980	9
5981	9
5982	9
5983	9
5984	9
5985	9
5986	9
5987	9
5988	9
5989	9
5990	9
5991	9
5992	9
5993	9
5994	9
5995	9
5996	9
5997	9
5998	9
5999	9
6000	9
6001	9
6002	9
6003	9
6004	9
6005	9
6006	9
6007	9
6008	9
6009	9
6010	9
6011	9
6012	9
6013	9
6014	9
6015	9
6016	9
6017	9
6018	9
6019	9
6020	9
6021	9
6022	9
6023	9
6024	9
6025	9
6026	9
6027	9
6028	9
6029	9
6030	9
6031	9
6032	9
6033	9
6034	9
6035	9
6036	9
6037	9
6038	9
6039	9
6040	9
6041	9
6042	9
6043	9
6044	9
6045	9
6046	9
6047	9
6048	9
6049	9
6050	9
6051	9
6052	9
6053	9
6054	9
6055	9
6056	9
6057	9
6058	9
6059	9
6060	9
6061	9
6062	9
6063	9
6064	9
6065	9
6066	9
6067	9
6068	9
6069	9
6070	9
6071	9
6072	9
6073	9
6074	9
6075	9
6076	9
6077	9
6078	9
6079	9
6080	9
6081	9
6082	9
6083	9
6084	9
6085	9
6086	9
6087	9
6088	9
6089	9
6090	9
6091	9
6092	9
6093	9
6094	9
6095	9
6096	9
6097	9
6098	9
6099	9
6100	9
6101	9
6102	9
6103	9
6104	9
6105	9
6106	9
6107	9
6108	9
6109	9
6110	9
6111	9
6112	9
6113	9
6114	9
6115	9
6116	9
6117	9
6118	9
6119	9
6120	9
6121	9
6122	9
6123	9
6124	9
6125	9
6126	9
6127	9
6128	9
6129	9
6130	9
6131	9
6132	9
6133	9
6134	9
6135	9
6136	9
6137	9
6138	9
6139	9
6140	9
6141	9
6142	9
6143	9
6144	9
6145	9
6146	9
6147	9
6148	9
6149	9
6150	9
6151	9
6152	9
6153	9
6154	9
6155	9
6156	9
6157	9
6158	9
6159	9
6160	9
6161	9
6162	9
6163	9
6164	9
6165	9
6166	9
6167	9
6168	9
6169	9
6170	9
6171	9
6172	9
6173	9
6174	9
6175	9
6176	9
6177	9
6178	9
6179	9
6180	9
6181	9
6182	9
6183	9
6184	9
6185	9
6186	9
6187	9
6188	9
6189	9
6190	9
6191	9
6192	9
6193	9
6194	9
6195	9
6196	9
6197	9
6198	9
6199	9
6200	9
6201	9
6202	9
6203	9
6204	9
6205	9
6206	9
6207	9
6208	9
6209	9
6210	9
6211	9
6212	9
6213	9
6214	9
6215	9
6216	9
6217	9
6218	9
6219	9
6220	9
6221	9
6222	9
6223	9
6224	9
6225	9
6226	9
6227	9
6228	9
6229	9
6230	9
6231	9
6232	9
6233	9
6234	9
6235	9
6236	9
6237	9
6238	9
6239	9
6240	9
6241	9
6242	9
6243	9
6244	9
6245	9
6246	9
6247	9
6248	9
6249	9
6250	9
6251	9
6252	9
6253	9
6254	9
6255	9
6256	9
6257	9
6258	9
6259	9
6260	9
6261	9
6262	9
6263	9
6264	9
6265	9
6266	9
6267	9
6268	9
6269	9
6270	9
6271	9
6272	9
6273	9
6274	9
6275	9
6276	9
6277	9
6278	9
6279	9
6280	9
6281	9
6282	9
6283	9
6284	9
6285	9
6286	9
6287	9
6288	9
6289	9
6290	9
6291	9
6292	9
6293	9
6294	9
6295	9
6296	9
6297	9
6298	9
6299	9
6300	9
6301	9
6302	9
6303	9
6304	9
6305	9
6306	9
6307	9
6308	9
6309	9
6310	9
6311	9
6312	9
6313	9
6314	9
6315	9
6316	9
6317	9
6318	9
6319	9
6320	9
6321	9
6322	9
6323	10
6324	9
6325	9
6326	9
6327	9
6328	9
6329	9
6330	9
6331	9
6332	9
6333	9
6334	9
6335	9
6336	9
6337	9
6338	9
6339	9
6340	9
6341	9
6342	9
6343	9
6344	9
6345	9
6346	9
6347	9
6348	9
6349	9
6350	9
6351	9
6352	9
6353	9
6354	9
6355	9
6356	9
6357	9
6358	9
6359	9
6360	9
6361	9
6362	9
6363	9
6364	9
6365	9
6366	9
6367	9
6368	9
6369	9
6370	9
6371	9
6372	9
6373	9
6374	9
6375	9
6376	9
6377	9
6378	9
6379	9
6380	9
6381	9
6382	9
6383	9
6384	9
6385	9
6386	9
6387	9
6388	9
6389	9
6390	9
6391	9
6392	9
6393	9
6394	9
6395	9
6396	9
6397	9
6398	9
6399	9
6400	9
6401	9
6402	9
6403	9
6404	9
6405	9
6406	9
6407	9
6408	9
6409	9
6410	9
6411	9
6412	9
6413	9
6414	9
6415	9
6416	9
6417	9
6418	9
6419	9
6420	9
6421	9
6422	9
6423	9
6424	9
6425	9
6426	9
6427	9
6428	9
6429	9
6430	9
6431	9
6432	9
6433	9
6434	9
6435	9
6436	9
6437	9
6438	9
6439	9
6440	9
6441	9
6442	9
6443	9
6444	9
6445	9
6446	9
6447	9
6448	9
6449	9
6450	9
6451	9
6452	9
6453	9
6454	9
6455	9
6456	9
6457	9
6458	9
6459	9
6460	9
6461	9
6462	9
6463	9
6464	9
6465	9
6466	9
6467	9
6468	9
6469	9
6470	9
6471	9
6472	9
6473	9
6474	9
6475	9
6476	9
6477	9
6478	9
6479	9
6480	9
6481	9
6482	9
6483	9
6484	9
6485	9
6486	9
6487	9
6488	9
6489	9
6490	9
6491	9
6492	9
6493	9
6494	9
6495	9
6496	9
6497	9
6498	9
6499	9
6500	9
6501	9
6502	9
6503	9
6504	9
6505	9
6506	9
6507	9
6508	9
6509	9
6510	9
6511	9
6512	9
6513	9
6514	9
6515	9
6516	9
6517	9
6518	9
6519	9
6520	9
6521	9
6522	9
6523	9
6524	9
6525	9
6526	9
6527	9
6528	9
6529	9
6530	9
6531	9
6532	9
6533	9
6534	9
6535	9
6536	9
6537	9
6538	9
6539	9
6540	9
6541	9
6542	9
6543	9
6544	9
6545	9
6546	9
6547	9
6548	9
6549	9
6550	9
6551	9
6552	9
6553	9
6554	9
6555	9
6556	9
6557	9
6558	9
6559	9
6560	9
6561	9
6562	9
6563	9
6564	9
6565	9
6566	9
6567	9
6568	9
6569	9
6570	9
6571	9
6572	9
6573	9
6574	9
6575	9
6576	9
6577	9
6578	9
6579	9
6580	9
6581	9
6582	9
6583	9
6584	9
6585	9
6586	9
6587	9
6588	9
6589	9
6590	9
6591	9
6592	9
6593	9
6594	9
6595	9
6596	9
6597	9
6598	9
6599	9
6600	9
6601	9
6602	9
6603	9
6604	9
6605	9
6606	9
6607	9
6608	9
6609	9
6610	9
6611	9
6612	9
6613	9
6614	9
6615	9
6616	9
6617	9
6618	9
6619	9
6620	9
6621	9
6622	9
6623	9
6624	9
6625	9
6626	9
6627	9
6628	9
6629	9
6630	9
6631	9
6632	9
6633	9
6634	9
6635	9
6636	9
6637	9
6638	9
6639	9
6640	9
6641	9
6642	9
6643	9
6644	9
6645	9
6646	9
6647	9
6648	9
6649	9
6650	9
6651	9
6652	9
6653	9
6654	9
6655	9
6656	9
6657	9
6658	9
6659	9
6660	9
6661	9
6662	9
6663	9
6664	9
6665	9
6666	9
6667	9
6668	9
6669	9
6670	9
6671	9
6672	9
6673	9
6674	9
6675	9
6676	9
6677	9
6678	9
6679	9
6680	9
6681	9
6682	9
6683	9
6684	9
6685	9
6686	9
6687	9
6688	9
6689	9
6690	9
6691	9
6692	9
6693	9
6694	9
6695	9
6696	9
6697	9
6698	9
6699	9
6700	9
6701	9
6702	9
6703	9
6704	9
6705	9
6706	9
6707	9
6708	9
6709	9
6710	9
6711	9
6712	9
6713	9
6714	9
6715	9
6716	9
6717	9
6718	9
6719	9
6720	9
6721	9
6722	9
6723	9
6724	9
6725	9
6726	9
6727	9
6728	9
6729	9
6730	9
6731	9
6732	9
6733	9
6734	9
6735	9
6736	9
6737	9
6738	9
6739	9
6740	9
6741	9
6742	9
6743	9
6744	9
6745	9
6746	9
6747	9
6748	9
6749	9
6750	9
6751	9
6752	9
6753	9
6754	9
6755	9
6756	9
6757	9
6758	9
6759	9
6760	9
6761	9
6762	9
6763	9
6764	9
6765	9
6766	9
6767	10
6768	9
6769	9
6770	9
6771	9
6772	9
6773	9
6774	9
6775	9
6776	9
6777	9
6778	9
6779	9
6780	9
6781	9
6782	9
6783	9
6784	9
6785	9
6786	9
6787	9
6788	9
6789	9
6790	9
6791	9
6792	9
6793	9
6794	9
6795	9
6796	9
6797	9
6798	9
6799	9
6800	9
6801	9
6802	9
6803	9
6804	9
6805	9
6806	9
6807	9
6808	9
6809	9
6810	9
6811	9
6812	9
6813	9
6814	9
6815	9
6816	9
6817	9
6818	9
6819	9
6820	9
6821	9
6822	9
6823	9
6824	9
6825	9
6826	9
6827	9
6828	9
6829	9
6830	9
6831	9
6832	9
6833	9
6834	9
6835	9
6836	9
6837	9
6838	9
6839	9
6840	9
6841	9
6842	9
6843	9
6844	9
6845	9
6846	9
6847	9
6848	9
6849	9
6850	9
6851	9
6852	9
6853	9
6854	9
6855	9
6856	9
6857	9
6858	9
6859	9
6860	9
6861	9
6862	9
6863	9
6864	9
6865	9
6866	9
6867	9
6868	9
6869	9
6870	9
6871	9
6872	9
6873	9
6874	9
6875	9
6876	9
6877	9
6878	9
6879	9
6880	9
6881	9
6882	9
6883	9
6884	9
6885	9
6886	9
6887	9
6888	9
6889	9
6890	9
6891	9
6892	9
6893	9
6894	9
6895	9
6896	9
6897	9
6898	9
6899	9
6900	9
6901	9
6902	9
6903	9
6904	9
6905	9
6906	9
6907	9
6908	9
6909	9
6910	9
6911	9
6912	9
6913	9
6914	9
6915	9
6916	9
6917	9
6918	9
6919	9
6920	9
6921	9
6922	9
6923	9
6924	9
6925	9
6926	9
6927	9
6928	9
6929	9
6930	9
6931	9
6932	9
6933	9
6934	9
6935	9
6936	9
6937	9
6938	9
6939	9
6940	9
6941	9
6942	9
6943	9
6944	9
6945	9
6946	9
6947	9
6948	9
6949	9
6950	9
6951	9
6952	9
6953	9
6954	9
6955	9
6956	9
6957	9
6958	9
6959	9
6960	9
6961	9
6962	9
6963	9
6964	9
6965	9
6966	9
6967	9
6968	9
6969	9
6970	9
6971	9
6972	9
6973	9
6974	9
6975	9
6976	9
6977	9
6978	9
6979	9
6980	9
6981	9
6982	9
6983	9
6984	9
6985	9
6986	9
6987	9
6988	9
6989	9
6990	9
6991	9
6992	9
6993	9
6994	9
6995	9
6996	9
6997	9
6998	9
6999	9
7000	9
7001	9
7002	9
7003	9
7004	9
7005	9
7006	9
7007	9
7008	9
7009	9
7010	9
7011	9
7012	9
7013	9
7014	9
7015	9
7016	9
7017	9
7018	9
7019	9
7020	9
7021	9
7022	9
7023	9
7024	9
7025	9
7026	9
7027	9
7028	9
7029	9
7030	9
7031	9
7032	9
7033	9
7034	9
7035	9
7036	9
7037	9
7038	9
7039	9
7040	9
7041	9
7042	9
7043	9
7044	9
7045	9
7046	9
7047	9
7048	9
7049	9
7050	9
7051	9
7052	9
7053	9
7054	9
7055	9
7056	9
7057	9
7058	9
7059	9
7060	9
7061	9
7062	9
7063	9
7064	9
7065	9
7066	9
7067	9
7068	9
7069	9
7070	9
7071	9
7072	9
7073	9
7074	9
7075	9
7076	9
7077	9
7078	9
7079	9
7080	9
7081	9
7082	9
7083	9
7084	9
7085	9
7086	9
7087	9
7088	9
7089	9
7090	9
7091	9
7092	9
7093	9
7094	9
7095	9
7096	9
7097	9
7098	9
7099	9
7100	9
7101	9
7102	9
7103	9
7104	9
7105	9
7106	9
7107	9
7108	9
7109	9
7110	9
7111	9
7112	9
7113	9
7114	9
7115	9
7116	9
7117	9
7118	9
7119	9
7120	9
7121	9
7122	9
7123	9
7124	9
7125	9
7126	9
7127	9
7128	9
7129	9
7130	9
7131	9
7132	9
7133	9
7134	9
7135	9
7136	9
7137	9
7138	9
7139	9
7140	9
7141	9
7142	9
7143	9
7144	9
7145	9
7146	9
7147	9
7148	9
7149	9
7150	9
7151	9
7152	9
7153	9
7154	9
7155	9
7156	9
7157	9
7158	9
7159	9
7160	9
7161	9
7162	9
7163	9
7164	9
7165	9
7166	9
7167	9
7168	9
7169	9
7170	9
7171	9
7172	9
7173	9
7174	9
7175	9
7176	9
7177	9
7178	9
7179	9
7180	9
7181	9
7182	9
7183	9
7184	9
7185	9
7186	9
7187	9
7188	9
7189	9
7190	9
7191	9
7192	9
7193	9
7194	9
7195	9
7196	9
7197	9
7198	9
7199	9
7200	9
7201	10
7202	10
7203	10
7204	10
7205	10
7206	10
7207	10
7208	10
7209	10
7210	10
7211	10
7212	10
7213	10
7214	10
7215	10
7216	10
7217	10
7218	10
7219	10
7220	10
7221	10
7222	10
7223	10
7224	10
7225	10
7226	10
7227	10
7228	10
7229	10
7230	10
7231	10
7232	10
7233	10
7234	10
7235	10
7236	10
7237	10
7238	10
7239	10
7240	10
7241	10
7242	10
7243	10
7244	10
7245	10
7246	10
7247	10
7248	10
7249	10
7250	10
7251	10
7252	10
7253	10
7254	10
7255	10
7256	10
7257	10
7258	10
7259	10
7260	10
7261	10
7262	10
7263	10
7264	10
7265	10
7266	10
7267	10
7268	10
7269	10
7270	10
7271	10
7272	10
7273	10
7274	10
7275	10
7276	10
7277	10
7278	10
7279	10
7280	10
7281	10
7282	10
7283	10
7284	10
7285	10
7286	10
7287	10
7288	10
7289	10
7290	10
7291	10
7292	10
7293	10
7294	10
7295	10
7296	10
7297	10
7298	10
7299	10
7300	10
7301	10
7302	10
7303	10
7304	10
7305	10
7306	10
7307	10
7308	10
7309	10
7310	10
7311	10
7312	10
7313	10
7314	10
7315	10
7316	10
7317	10
7318	10
7319	10
7320	10
7321	10
7322	10
7323	10
7324	10
7325	10
7326	10
7327	10
7328	10
7329	10
7330	10
7331	10
7332	10
7333	10
7334	10
7335	10
7336	10
7337	10
7338	10
7339	10
7340	10
7341	10
7342	10
7343	10
7344	10
7345	10
7346	10
7347	10
7348	10
7349	10
7350	10
7351	10
7352	10
7353	10
7354	10
7355	10
7356	10
7357	10
7358	10
7359	10
7360	10
7361	10
7362	10
7363	10
7364	10
7365	10
7366	10
7367	10
7368	10
7369	10
7370	10
7371	10
7372	10
7373	10
7374	10
7375	10
7376	10
7377	10
7378	10
7379	10
7380	10
7381	10
7382	10
7383	10
7384	10
7385	10
7386	10
7387	10
7388	10
7389	10
7390	10
7391	10
7392	10
7393	10
7394	10
7395	10
7396	10
7397	10
7398	10
7399	10
7400	10
7401	10
7402	10
7403	10
7404	10
7405	10
7406	10
7407	10
7408	10
7409	10
7410	10
7411	10
7412	10
7413	10
7414	10
7415	10
7416	10
7417	10
7418	10
7419	10
7420	10
7421	10
7422	10
7423	10
7424	10
7425	10
7426	10
7427	10
7428	10
7429	10
7430	10
7431	10
7432	11
7433	11
7434	11
7435	11
7436	10
7437	10
7438	10
7439	10
7440	10
7441	10
7442	10
7443	10
7444	10
7445	10
7446	10
7447	10
7448	10
7449	10
7450	10
7451	10
7452	10
7453	10
7454	10
7455	10
7456	10
7457	10
7458	10
7459	10
7460	10
7461	10
7462	10
7463	10
7464	10
7465	10
7466	10
7467	10
7468	10
7469	10
7470	10
7471	10
7472	10
7473	10
7474	10
7475	10
7476	10
7477	10
7478	10
7479	10
7480	10
7481	10
7482	10
7483	10
7484	10
7485	10
7486	10
7487	10
7488	10
7489	10
7490	10
7491	10
7492	10
7493	10
7494	10
7495	10
7496	10
7497	10
7498	10
7499	10
7500	10
7501	10
7502	10
7503	10
7504	10
7505	10
7506	10
7507	10
7508	10
7509	10
7510	10
7511	10
7512	10
7513	10
7514	10
7515	10
7516	10
7517	10
7518	10
7519	10
7520	10
7521	10
7522	10
7523	10
7524	10
7525	10
7526	10
7527	10
7528	10
7529	10
7530	10
7531	10
7532	10
7533	10
7534	10
7535	10
7536	10
7537	10
7538	10
7539	10
7540	10
7541	10
7542	10
7543	10
7544	10
7545	10
7546	10
7547	10
7548	10
7549	10
7550	10
7551	10
7552	10
7553	10
7554	10
7555	10
7556	10
7557	10
7558	10
7559	10
7560	10
7561	10
7562	10
7563	10
7564	10
7565	10
7566	10
7567	10
7568	10
7569	10
7570	10
7571	10
7572	10
7573	10
7574	10
7575	10
7576	10
7577	10
7578	10
7579	10
7580	10
7581	10
7582	10
7583	10
7584	10
7585	10
7586	10
7587	10
7588	10
7589	10
7590	10
7591	10
7592	11
7593	10
7594	10
7595	10
7596	10
7597	10
7598	10
7599	10
7600	10
7601	10
7602	10
7603	10
7604	10
7605	10
7606	10
7607	10
7608	11
7609	10
7610	10
7611	10
7612	10
7613	10
7614	10
7615	10
7616	10
7617	10
7618	10
7619	10
7620	10
7621	10
7622	10
7623	10
7624	10
7625	10
7626	10
7627	10
7628	10
7629	10
7630	10
7631	10
7632	10
7633	10
7634	10
7635	10
7636	10
7637	10
7638	10
7639	10
7640	10
7641	10
7642	10
7643	10
7644	10
7645	10
7646	10
7647	10
7648	10
7649	10
7650	10
7651	10
7652	10
7653	10
7654	10
7655	10
7656	10
7657	10
7658	10
7659	10
7660	10
7661	10
7662	10
7663	10
7664	10
7665	10
7666	10
7667	10
7668	10
7669	10
7670	10
7671	10
7672	10
7673	10
7674	10
7675	10
7676	10
7677	10
7678	10
7679	10
7680	10
7681	10
7682	10
7683	10
7684	10
7685	10
7686	10
7687	10
7688	10
7689	10
7690	10
7691	10
7692	10
7693	10
7694	10
7695	10
7696	10
7697	10
7698	10
7699	10
7700	10
7701	10
7702	10
7703	10
7704	10
7705	10
7706	10
7707	10
7708	10
7709	10
7710	10
7711	10
7712	10
7713	10
7714	10
7715	10
7716	10
7717	10
7718	10
7719	10
7720	10
7721	10
7722	10
7723	10
7724	10
7725	10
7726	10
7727	10
7728	10
7729	10
7730	10
7731	10
7732	10
7733	10
7734	10
7735	10
7736	10
7737	10
7738	10
7739	10
7740	10
7741	10
7742	10
7743	10
7744	10
7745	10
7746	10
7747	10
7748	10
7749	10
7750	10
7751	10
7752	10
7753	10
7754	10
7755	10
7756	10
7757	10
7758	10
7759	10
7760	10
7761	10
7762	10
7763	10
7764	10
7765	10
7766	10
7767	10
7768	10
7769	10
7770	10
7771	10
7772	10
7773	10
7774	10
7775	10
7776	10
7777	10
7778	10
7779	10
7780	10
7781	10
7782	10
7783	10
7784	10
7785	10
7786	10
7787	10
7788	10
7789	10
7790	10
7791	10
7792	10
7793	10
7794	10
7795	10
7796	10
7797	10
7798	10
7799	10
7800	10
7801	10
7802	10
7803	10
7804	10
7805	10
7806	10
7807	10
7808	10
7809	10
7810	10
7811	10
7812	10
7813	10
7814	10
7815	10
7816	10
7817	10
7818	10
7819	10
7820	10
7821	10
7822	10
7823	10
7824	10
7825	10
7826	10
7827	10
7828	10
7829	10
7830	10
7831	10
7832	10
7833	10
7834	10
7835	10
7836	10
7837	10
7838	10
7839	10
7840	10
7841	10
7842	10
7843	10
7844	10
7845	10
7846	10
7847	10
7848	10
7849	10
7850	10
7851	10
7852	10
7853	10
7854	10
7855	10
7856	10
7857	10
7858	10
7859	10
7860	10
7861	10
7862	10
7863	10
7864	10
7865	10
7866	10
7867	10
7868	10
7869	10
7870	10
7871	10
7872	10
7873	10
7874	10
7875	10
7876	10
7877	10
7878	10
7879	10
7880	10
7881	10
7882	10
7883	10
7884	10
7885	10
7886	10
7887	10
7888	10
7889	10
7890	10
7891	10
7892	10
7893	10
7894	10
7895	10
7896	10
7897	10
7898	10
7899	10
7900	10
7901	10
7902	10
7903	10
7904	10
7905	10
7906	10
7907	10
7908	10
7909	10
7910	10
7911	10
7912	10
7913	10
7914	10
7915	10
7916	10
7917	10
7918	10
7919	10
7920	10
7921	10
7922	10
7923	10
7924	10
7925	10
7926	10
7927	10
7928	10
7929	10
7930	10
7931	10
7932	10
7933	10
7934	10
7935	10
7936	10
7937	10
7938	10
7939	10
7940	10
7941	10
7942	10
7943	10
7944	10
7945	10
7946	10
7947	10
7948	10
7949	10
7950	10
7951	10
7952	10
7953	10
7954	10
7955	10
7956	10
7957	10
7958	10
7959	10
7960	10
7961	10
7962	10
7963	10
7964	10
7965	10
7966	10
7967	10
7968	10
7969	10
7970	10
7971	10
7972	10
7973	10
7974	10
7975	10
7976	10
7977	10
7978	10
7979	10
7980	10
7981	10
7982	10
7983	10
7984	10
7985	10
7986	10
7987	10
7988	10
7989	10
7990	10
7991	10
7992	10
7993	10
7994	10
7995	10
7996	10
7997	10
7998	10
7999	10
8000	10
8001	10
8002	10
8003	10
8004	10
8005	10
8006	10
8007	10
8008	10
8009	10
8010	10
8011	10
8012	10
8013	10
8014	10
8015	10
8016	10
8017	10
8018	10
8019	10
8020	10
8021	10
8022	10
8023	10
8024	10
8025	10
8026	10
8027	10
8028	10
8029	10
8030	10
8031	10
8032	10
8033	10
8034	10
8035	10
8036	10
8037	10
8038	10
8039	10
8040	10
8041	10
8042	10
8043	10
8044	10
8045	10
8046	10
8047	10
8048	10
8049	10
8050	10
8051	10
8052	10
8053	10
8054	10
8055	10
8056	10
8057	10
8058	10
8059	10
8060	10
8061	10
8062	10
8063	10
8064	10
8065	10
8066	10
8067	10
8068	10
8069	10
8070	10
8071	10
8072	10
8073	10
8074	10
8075	10
8076	10
8077	10
8078	10
8079	10
8080	10
8081	10
8082	10
8083	10
8084	10
8085	10
8086	10
8087	10
8088	10
8089	10
8090	10
8091	10
8092	10
8093	10
8094	10
8095	10
8096	10
8097	10
8098	10
8099	10
8100	10
8101	10
8102	10
8103	10
8104	10
8105	10
8106	10
8107	10
8108	10
8109	10
8110	10
8111	10
8112	10
8113	10
8114	10
8115	10
8116	10
8117	10
8118	10
8119	10
8120	10
8121	10
8122	10
8123	10
8124	10
8125	10
8126	10
8127	10
8128	10
8129	10
8130	10
8131	10
8132	10
8133	10
8134	10
8135	10
8136	10
8137	10
8138	10
8139	10
8140	10
8141	10
8142	10
8143	10
8144	10
8145	10
8146	10
8147	10
8148	10
8149	10
8150	10
8151	10
8152	10
8153	10
8154	10
8155	10
8156	10
8157	10
8158	10
8159	10
8160	10
8161	10
8162	10
8163	10
8164	10
8165	10
8166	10
8167	10
8168	10
8169	10
8170	10
8171	10
8172	10
8173	10
8174	10
8175	10
8176	10
8177	10
8178	10
8179	10
8180	10
8181	10
8182	10
8183	10
8184	10
8185	10
8186	10
8187	10
8188	10
8189	10
8190	10
8191	10
8192	10
8193	10
8194	10
8195	10
8196	10
8197	10
8198	10
8199	10
8200	10
8201	10
8202	10
8203	10
8204	10
8205	10
8206	10
8207	10
8208	10
8209	10
8210	10
8211	10
8212	10
8213	10
8214	10
8215	10
8216	10
8217	10
8218	10
8219	10
8220	10
8221	10
8222	10
8223	10
8224	10
8225	10
8226	10
8227	10
8228	10
8229	10
8230	10
8231	10
8232	10
8233	10
8234	10
8235	10
8236	10
8237	10
8238	10
8239	10
8240	10
8241	10
8242	10
8243	10
8244	10
8245	10
8246	10
8247	10
8248	10
8249	10
8250	10
8251	10
8252	10
8253	10
8254	10
8255	10
8256	10
8257	10
8258	10
8259	10
8260	10
8261	10
8262	10
8263	10
8264	10
8265	10
8266	10
8267	10
8268	10
8269	10
8270	10
8271	10
8272	10
8273	10
8274	10
8275	10
8276	10
8277	10
8278	10
8279	10
8280	10
8281	10
8282	10
8283	10
8284	10
8285	10
8286	10
8287	10
8288	10
8289	10
8290	10
8291	10
8292	10
8293	10
8294	10
8295	10
8296	10
8297	10
8298	10
8299	10
8300	10
8301	10
8302	10
8303	10
8304	10
8305	10
8306	10
8307	10
8308	10
8309	10
8310	10
8311	10
8312	10
8313	10
8314	10
8315	10
8316	10
8317	10
8318	10
8319	10
8320	10
8321	10
8322	10
8323	10
8324	10
8325	10
8326	10
8327	10
8328	10
8329	10
8330	10
8331	10
8332	10
8333	10
8334	10
8335	10
8336	10
8337	10
8338	10
8339	10
8340	10
8341	10
8342	10
8343	10
8344	10
8345	10
8346	10
8347	10
8348	10
8349	10
8350	10
8351	10
8352	10
8353	10
8354	10
8355	10
8356	10
8357	10
8358	10
8359	10
8360	10
8361	10
8362	10
8363	10
8364	10
8365	10
8366	10
8367	10
8368	10
8369	10
8370	10
8371	10
8372	10
8373	10
8374	10
8375	10
8376	10
8377	10
8378	10
8379	10
8380	10
8381	10
8382	10
8383	10
8384	10
8385	10
8386	10
8387	10
8388	10
8389	10
8390	10
8391	10
8392	10
8393	10
8394	10
8395	10
8396	10
8397	10
8398	10
8399	10
8400	10
8401	10
8402	10
8403	10
8404	10
8405	10
8406	10
8407	10
8408	10
8409	10
8410	10
8411	10
8412	10
8413	10
8414	10
8415	10
8416	10
8417	10
8418	10
8419	10
8420	10
8421	10
8422	10
8423	10
8424	10
8425	10
8426	10
8427	10
8428	10
8429	10
8430	10
8431	10
8432	10
8433	10
8434	10
8435	10
8436	10
8437	10
8438	10
8439	10
8440	10
8441	10
8442	10
8443	10
8444	10
8445	10
8446	10
8447	10
8448	10
8449	10
8450	10
8451	10
8452	10
8453	10
8454	10
8455	10
8456	10
8457	10
8458	10
8459	10
8460	10
8461	10
8462	10
8463	10
8464	10
8465	10
8466	10
8467	10
8468	10
8469	10
8470	10
8471	10
8472	10
8473	10
8474	10
8475	10
8476	10
8477	10
8478	10
8479	10
8480	10
8481	10
8482	10
8483	10
8484	10
8485	10
8486	10
8487	10
8488	10
8489	10
8490	10
8491	10
8492	10
8493	10
8494	10
8495	10
8496	10
8497	10
8498	10
8499	10
8500	10
8501	10
8502	10
8503	10
8504	10
8505	10
8506	10
8507	10
8508	10
8509	10
8510	10
8511	10
8512	10
8513	10
8514	10
8515	10
8516	10
8517	10
8518	10
8519	10
8520	10
8521	10
8522	10
8523	10
8524	10
8525	10
8526	10
8527	10
8528	10
8529	10
8530	10
8531	10
8532	10
8533	10
8534	10
8535	10
8536	10
8537	10
8538	10
8539	10
8540	10
8541	10
8542	10
8543	10
8544	10
8545	10
8546	10
8547	10
8548	10
8549	10
8550	10
8551	10
8552	10
8553	10
8554	10
8555	10
8556	10
8557	10
8558	10
8559	10
8560	10
8561	10
8562	10
8563	10
8564	10
8565	10
8566	10
8567	10
8568	10
8569	10
8570	10
8571	10
8572	10
8573	10
8574	10
8575	10
8576	10
8577	10
8578	10
8579	10
8580	10
8581	10
8582	10
8583	10
8584	10
8585	10
8586	10
8587	10
8588	10
8589	10
8590	10
8591	10
8592	10
8593	10
8594	10
8595	10
8596	10
8597	10
8598	10
8599	10
8600	10
8601	10
8602	10
8603	10
8604	10
8605	10
8606	10
8607	10
8608	10
8609	10
8610	10
8611	10
8612	10
8613	10
8614	10
8615	10
8616	10
8617	10
8618	10
8619	10
8620	10
8621	10
8622	10
8623	10
8624	10
8625	10
8626	10
8627	10
8628	10
8629	10
8630	10
8631	10
8632	10
8633	10
8634	10
8635	10
8636	10
8637	10
8638	10
8639	10
8640	10
8641	10
8642	10
8643	10
8644	10
8645	10
8646	10
8647	10
8648	10
8649	10
8650	10
8651	10
8652	10
8653	10
8654	10
8655	10
8656	10
8657	10
8658	10
8659	10
8660	10
8661	10
8662	10
8663	10
8664	10
8665	10
8666	10
8667	10
8668	10
8669	10
8670	10
8671	10
8672	10
8673	10
8674	10
8675	10
8676	10
8677	10
8678	10
8679	10
8680	10
8681	10
8682	10
8683	10
8684	10
8685	10
8686	10
8687	10
8688	10
8689	10
8690	10
8691	10
8692	10
8693	10
8694	10
8695	10
8696	11
8697	11
8698	10
8699	10
8700	10
8701	10
8702	10
8703	10
8704	10
8705	10
8706	10
8707	10
8708	10
8709	10
8710	10
8711	10
8712	10
8713	10
8714	10
8715	10
8716	10
8717	10
8718	10
8719	10
8720	10
8721	10
8722	10
8723	10
8724	10
8725	10
8726	10
8727	10
8728	10
8729	10
8730	10
8731	10
8732	10
8733	10
8734	10
8735	10
8736	10
8737	10
8738	10
8739	10
8740	10
8741	10
8742	10
8743	10
8744	10
8745	10
8746	10
8747	10
8748	10
8749	10
8750	10
8751	10
8752	10
8753	10
8754	10
8755	10
8756	10
8757	10
8758	10
8759	10
8760	10
8761	10
8762	10
8763	10
8764	10
8765	10
8766	10
8767	10
8768	10
8769	10
8770	10
8771	10
8772	10
8773	10
8774	10
8775	10
8776	10
8777	10
8778	10
8779	10
8780	10
8781	10
8782	10
8783	10
8784	10
8785	10
8786	10
8787	10
8788	10
8789	10
8790	10
8791	10
8792	10
8793	10
8794	10
8795	10
8796	10
8797	10
8798	10
8799	10
8800	10
8801	10
8802	10
8803	10
8804	10
8805	10
8806	10
8807	10
8808	10
8809	10
8810	10
8811	10
8812	10
8813	10
8814	10
8815	10
8816	10
8817	10
8818	10
8819	10
8820	10
8821	10
8822	10
8823	10
8824	10
8825	10
8826	10
8827	10
8828	10
8829	10
8830	11
8831	11
8832	11
8833	11
8834	10
8835	10
8836	10
8837	10
8838	10
8839	10
8840	10
8841	10
8842	10
8843	10
8844	10
8845	10
8846	10
8847	10
8848	10
8849	10
8850	10
8851	10
8852	10
8853	10
8854	10
8855	10
8856	10
8857	10
8858	10
8859	10
8860	10
8861	10
8862	10
8863	10
8864	10
8865	10
8866	10
8867	10
8868	10
8869	10
8870	10
8871	10
8872	10
8873	10
8874	10
8875	10
8876	10
8877	10
8878	10
8879	10
8880	10
8881	10
8882	10
8883	10
8884	10
8885	10
8886	10
8887	10
8888	10
8889	10
8890	10
8891	10
8892	10
8893	10
8894	10
8895	10
8896	10
8897	10
8898	10
8899	10
8900	10
8901	10
8902	10
8903	10
8904	10
8905	10
8906	10
8907	10
8908	10
8909	10
8910	10
8911	10
8912	10
8913	10
8914	10
8915	10
8916	10
8917	10
8918	10
8919	10
8920	10
8921	10
8922	10
8923	10
8924	10
8925	10
8926	10
8927	10
8928	10
8929	10
8930	11
8931	11
8932	11
8933	11
8934	11
8935	11
8936	11
8937	11
8938	11
8939	11
8940	11
8941	10
8942	10
8943	10
8944	10
8945	10
8946	10
8947	10
8948	10
8949	10
8950	10
8951	10
8952	10
8953	10
8954	10
8955	10
8956	10
8957	10
8958	10
8959	10
8960	10
8961	10
8962	10
8963	10
8964	10
8965	10
8966	10
8967	10
8968	10
8969	10
8970	10
8971	10
8972	10
8973	10
8974	10
8975	10
8976	10
8977	10
8978	10
8979	10
8980	10
8981	10
8982	10
8983	10
8984	10
8985	10
8986	10
8987	10
8988	10
8989	10
8990	10
8991	10
8992	10
8993	10
8994	10
8995	10
8996	10
8997	10
8998	10
8999	10
9000	10
9001	10
9002	10
9003	10
9004	10
9005	10
9006	10
9007	10
9008	10
9009	10
9010	10
9011	10
9012	10
9013	10
9014	10
9015	10
9016	10
9017	10
9018	10
9019	10
9020	10
9021	10
9022	10
9023	10
9024	10
9025	10
9026	10
9027	10
9028	10
9029	10
9030	10
9031	10
9032	10
9033	10
9034	10
9035	10
9036	10
9037	10
9038	10
9039	10
9040	10
9041	10
9042	10
9043	10
9044	10
9045	10
9046	10
9047	10
9048	10
9049	10
9050	10
9051	10
9052	10
9053	10
9054	10
9055	10
9056	10
9057	10
9058	10
9059	10
9060	10
9061	10
9062	10
9063	10
9064	10
9065	10
9066	10
9067	10
9068	10
9069	10
9070	10
9071	10
9072	10
9073	10
9074	10
9075	10
9076	10
9077	10
9078	10
9079	10
9080	10
9081	10
9082	10
9083	10
9084	10
9085	10
9086	10
9087	10
9088	10
9089	10
9090	10
9091	10
9092	10
9093	10
9094	10
9095	10
9096	10
9097	10
9098	10
9099	10
9100	10
9101	10
9102	10
9103	10
9104	10
9105	10
9106	10
9107	10
9108	10
9109	10
9110	10
9111	10
9112	10
9113	10
9114	10
9115	10
9116	10
9117	10
9118	10
9119	10
9120	10
9121	10
9122	10
9123	10
9124	10
9125	10
9126	10
9127	10
9128	10
9129	10
9130	10
9131	10
9132	10
9133	10
9134	10
9135	10
9136	10
9137	10
9138	10
9139	10
9140	10
9141	10
9142	10
9143	10
9144	10
9145	10
9146	10
9147	10
9148	10
9149	10
9150	10
9151	10
9152	10
9153	10
9154	10
9155	10
9156	10
9157	10
9158	10
9159	10
9160	10
9161	10
9162	10
9163	10
9164	10
9165	10
9166	10
9167	10
9168	10
9169	10
9170	10
9171	10
9172	10
9173	10
9174	10
9175	10
9176	10
9177	10
9178	10
9179	10
9180	10
9181	10
9182	10
9183	10
9184	10
9185	10
9186	10
9187	10
9188	10
9189	10
9190	10
9191	10
9192	10
9193	10
9194	10
9195	10
9196	10
9197	10
9198	10
9199	10
9200	10
9201	10
9202	10
9203	10
9204	10
9205	10
9206	10
9207	10
9208	10
9209	10
9210	10
9211	10
9212	10
9213	10
9214	10
9215	10
9216	10
9217	10
9218	11
9219	11
9220	11
9221	10
9222	10
9223	10
9224	10
9225	10
9226	10
9227	10
9228	10
9229	10
9230	10
9231	10
9232	10
9233	10
9234	10
9235	10
9236	10
9237	10
9238	10
9239	10
9240	11
9241	11
9242	11
9243	10
9244	10
9245	10
9246	10
9247	10
9248	10
9249	10
9250	10
9251	10
9252	10
9253	10
9254	10
9255	10
9256	10
9257	10
9258	10
9259	11
9260	11
9261	11
9262	11
9263	11
9264	11
9265	11
9266	11
9267	11
9268	11
9269	11
9270	11
9271	11
9272	11
9273	11
9274	11
9275	11
9276	11
9277	11
9278	11
9279	11
9280	11
9281	11
9282	11
9283	11
9284	11
9285	11
9286	11
9287	11
9288	11
9289	11
9290	11
9291	11
9292	11
9293	11
9294	11
9295	11
9296	11
9297	11
9298	11
9299	11
9300	11
9301	11
9302	11
9303	11
9304	11
9305	11
9306	11
9307	11
9308	11
9309	11
9310	11
9311	11
9312	11
9313	11
9314	11
9315	11
9316	11
9317	11
9318	11
9319	11
9320	11
9321	11
9322	11
9323	11
9324	11
9325	11
9326	11
9327	11
9328	11
9329	11
9330	11
9331	11
9332	11
9333	11
9334	11
9335	11
9336	11
9337	11
9338	11
9339	11
9340	11
9341	11
9342	11
9343	11
9344	11
9345	11
9346	11
9347	11
9348	11
9349	11
9350	11
9351	11
9352	11
9353	11
9354	11
9355	11
9356	11
9357	11
9358	11
9359	11
9360	11
9361	11
9362	11
9363	11
9364	11
9365	11
9366	11
9367	11
9368	11
9369	11
9370	11
9371	11
9372	11
9373	11
9374	11
9375	11
9376	11
9377	11
9378	11
9379	11
9380	11
9381	11
9382	11
9383	11
9384	11
9385	11
9386	11
9387	11
9388	11
9389	11
9390	11
9391	11
9392	11
9393	11
9394	11
9395	11
9396	11
9397	11
9398	11
9399	11
9400	11
9401	11
9402	11
9403	11
9404	11
9405	11
9406	11
9407	11
9408	11
9409	11
9410	11
9411	11
9412	11
9413	11
9414	11
9415	11
9416	11
9417	11
9418	11
9419	11
9420	11
9421	11
9422	11
9423	11
9424	11
9425	11
9426	11
9427	11
9428	11
9429	11
9430	11
9431	11
9432	11
9433	11
9434	11
9435	11
9436	11
9437	11
9438	11
9439	11
9440	11
9441	11
9442	11
9443	11
9444	11
9445	11
9446	11
9447	11
9448	11
9449	11
9450	11
9451	11
9452	11
9453	11
9454	11
9455	11
9456	11
9457	11
9458	11
9459	11
9460	11
9461	11
9462	11
9463	11
9464	11
9465	11
9466	11
9467	11
9468	11
9469	11
9470	11
9471	11
9472	11
9473	11
9474	11
9475	11
9476	11
9477	11
9478	11
9479	11
9480	11
9481	11
9482	11
9483	11
9484	11
9485	11
9486	11
9487	11
9488	11
9489	11
9490	11
9491	11
9492	11
9493	11
9494	11
9495	11
9496	11
9497	11
9498	11
9499	11
9500	11
9501	11
9502	11
9503	11
9504	11
9505	11
9506	11
9507	11
9508	11
9509	11
9510	11
9511	11
9512	11
9513	11
9514	11
9515	11
9516	11
9517	11
9518	11
9519	11
9520	11
9521	11
9522	11
9523	11
9524	11
9525	11
9526	11
9527	11
9528	11
9529	11
9530	11
9531	11
9532	11
9533	11
9534	11
9535	11
9536	11
9537	11
9538	11
9539	11
9540	11
9541	11
9542	11
9543	11
9544	11
9545	11
9546	11
9547	11
9548	11
9549	11
9550	11
9551	11
9552	11
9553	11
9554	11
9555	11
9556	11
9557	11
9558	11
9559	11
9560	11
9561	11
9562	11
9563	11
9564	11
9565	11
9566	11
9567	11
9568	11
9569	11
9570	11
9571	11
9572	11
9573	11
9574	11
9575	11
9576	11
9577	11
9578	11
9579	11
9580	11
9581	11
9582	11
9583	11
9584	11
9585	11
9586	11
9587	11
9588	11
9589	11
9590	11
9591	11
9592	11
9593	11
9594	11
9595	11
9596	11
9597	11
9598	11
9599	11
9600	11
9601	11
9602	11
9603	11
9604	11
9605	11
9606	11
9607	11
9608	11
9609	11
9610	11
9611	11
9612	11
9613	11
9614	11
9615	11
9616	11
9617	11
9618	11
9619	11
9620	11
9621	11
9622	11
9623	11
9624	11
9625	11
9626	11
9627	11
9628	11
9629	11
9630	11
9631	11
9632	11
9633	11
9634	11
9635	11
9636	11
9637	11
9638	11
9639	11
9640	11
9641	11
9642	11
9643	11
9644	11
9645	11
9646	11
9647	11
9648	11
9649	11
9650	11
9651	11
9652	11
9653	11
9654	11
9655	11
9656	11
9657	11
9658	11
9659	11
9660	11
9661	11
9662	11
9663	11
9664	11
9665	11
9666	11
9667	11
9668	11
9669	11
9670	11
9671	11
9672	11
9673	11
9674	11
9675	11
9676	11
9677	11
9678	11
9679	11
9680	11
9681	11
9682	11
9683	11
9684	11
9685	11
9686	11
9687	11
9688	11
9689	11
9690	11
9691	11
9692	11
9693	11
9694	11
9695	11
9696	11
9697	11
9698	11
9699	11
9700	11
9701	11
9702	11
9703	11
9704	11
9705	11
9706	11
9707	11
9708	11
9709	11
9710	11
9711	11
9712	11
9713	11
9714	11
9715	11
9716	11
9717	11
9718	11
9719	11
9720	11
9721	11
9722	11
9723	11
9724	11
9725	11
9726	11
9727	11
9728	11
9729	11
9730	11
9731	11
9732	11
9733	11
9734	11
9735	11
9736	11
9737	11
9738	11
9739	11
9740	11
9741	11
9742	11
9743	11
9744	11
9745	11
9746	11
9747	11
9748	11
9749	11
9750	11
9751	11
9752	11
9753	11
9754	11
9755	11
9756	11
9757	11
9758	11
9759	11
9760	11
9761	11
9762	11
9763	11
9764	11
9765	11
9766	11
9767	11
9768	11
9769	11
9770	11
9771	11
9772	11
9773	11
9774	11
9775	11
9776	11
9777	11
9778	11
9779	11
9780	11
9781	11
9782	11
9783	11
9784	11
9785	11
9786	11
9787	11
9788	11
9789	11
9790	11
9791	11
9792	11
9793	11
9794	11
9795	11
9796	11
9797	11
9798	11
9799	11
9800	11
9801	11
9802	11
9803	11
9804	11
9805	11
9806	11
9807	11
9808	11
9809	11
9810	11
9811	11
9812	11
9813	11
9814	11
9815	11
9816	11
9817	11
9818	11
9819	11
9820	11
9821	11
9822	11
9823	11
9824	11
9825	11
9826	11
9827	11
9828	11
9829	11
9830	11
9831	11
9832	11
9833	11
9834	11
9835	11
9836	11
9837	11
9838	11
9839	11
9840	11
9841	11
9842	11
9843	11
9844	11
9845	11
9846	11
9847	11
9848	11
9849	11
9850	11
9851	11
9852	11
9853	11
9854	11
9855	11
9856	11
9857	11
9858	11
9859	11
9860	11
9861	11
9862	11
9863	11
9864	11
9865	11
9866	11
9867	11
9868	11
9869	11
9870	11
9871	11
9872	11
9873	11
9874	11
9875	11
9876	11
9877	11
9878	11
9879	11
9880	11
9881	11
9882	11
9883	11
9884	11
9885	11
9886	11
9887	11
9888	11
9889	11
9890	11
9891	11
9892	11
9893	11
9894	11
9895	11
9896	11
9897	11
9898	11
9899	11
9900	11
9901	11
9902	11
9903	11
9904	11
9905	11
9906	11
9907	11
9908	11
9909	11
9910	11
9911	11
9912	11
9913	11
9914	11
9915	11
9916	11
9917	11
9918	11
9919	11
9920	11
9921	11
9922	11
9923	11
9924	11
9925	11
9926	11
9927	11
9928	11
9929	11
9930	11
9931	11
9932	11
9933	11
9934	11
9935	11
9936	11
9937	11
9938	11
9939	11
9940	11
9941	11
9942	11
9943	11
9944	11
9945	11
9946	11
9947	11
9948	11
9949	11
9950	11
9951	11
9952	11
9953	11
9954	11
9955	11
9956	11
9957	11
9958	11
9959	11
9960	11
9961	11
9962	11
9963	11
9964	11
9965	11
9966	11
9967	11
9968	11
9969	11
9970	11
9971	11
9972	11
9973	11
9974	11
9975	11
9976	11
9977	11
9978	11
9979	11
9980	11
9981	11
9982	11
9983	11
9984	11
9985	11
9986	11
9987	11
9988	11
9989	11
9990	11
9991	11
9992	11
9993	11
9994	11
9995	11
9996	11
9997	11
9998	11
9999	11