0	2
10	2.5
20	3.
30	3.5
40	4.
50	4.5
60	5.
70	5.5
80	6.
90	6.5
100	7.
110	7.499999999999999
120	7.999999999999999
130	8.5
140	9.
150	9.5
160	10.
170	10.5
180	11.
190	11.5
200	12.
210	12.499999999999998
220	12.999999999999998
230	13.499999999999998
240	13.999999999999998
250	14.5
260	14.999999999999998
270	15.5
280	15.999999999999998
290	16.5
300	17.
310	17.5
320	18.
330	18.5
340	19.
350	19.5
360	20.
370	20.5
380	21.
390	21.5
400	22.
410	22.5
420	22.999999999999996
430	23.5
440	23.999999999999996
450	24.5
460	24.999999999999996
470	25.5
480	25.999999999999996
490	26.5
500	27.
510	27.499999999999996
520	27.999999999999996
530	28.5
540	29.
550	29.499999999999996
560	29.999999999999996
570	30.5
580	31.
590	31.499999999999996
600	31.999999999999996
610	32.5
620	33.
630	33.5
640	34.
650	34.5
660	35.
670	35.5
680	36.
690	36.5
700	37.
710	37.5
720	38.
730	38.5
740	39.
750	39.5
760	40.
770	40.5
780	41.
790	41.5
800	42.
810	42.5
820	43.
830	43.5
840	43.99999999999999
850	44.5
860	45.
870	45.5
880	45.99999999999999
890	46.5
900	47.
910	47.5
920	47.99999999999999
930	48.5
940	49.
950	49.5
960	49.99999999999999
970	50.5
980	51.
990	51.5
1000	52.
1010	52.5
1020	52.99999999999999
1030	53.49999999999999
1040	53.99999999999999
1050	54.5
1060	55.
1070	55.5
1080	56.
1090	56.5
1100	56.99999999999999
1110	57.49999999999999
1120	57.99999999999999
1130	58.49999999999999
1140	59.
1150	59.5
1160	60.
1170	60.5
1180	60.99999999999999
1190	61.49999999999999
1200	61.99999999999999
1210	62.49999999999999
1220	63.
1230	63.5
1240	64.
1250	64.5
1260	65.
1270	65.5
1280	66.
1290	66.5
1300	67.
1310	67.5
1320	68.
1330	68.5
1340	69.
1350	69.49999999999999
1360	70.
1370	70.5
1380	71.
1390	71.5
1400	72.
1410	72.5
1420	73.
1430	73.49999999999999
1440	74.
1450	74.5
1460	75.
1470	75.5
1480	76.
1490	76.5
1500	77.
1510	77.49999999999999
1520	78.
1530	78.5
1540	79.
1550	79.5
1560	80.
1570	80.5
1580	81.
1590	81.49999999999999
1600	82.
1610	82.5
1620	83.
1630	83.5
1640	84.
1650	84.5
1660	85.
1670	85.49999999999999
1680	85.99999999999999
1690	86.5
1700	87.
1710	87.5
1720	88.
1730	88.5
1740	89.
1750	89.49999999999999
1760	89.99999999999999
1770	90.5
1780	91.
1790	91.5
1800	92.
1810	92.5
1820	93.
1830	93.49999999999999
1840	93.99999999999999
1850	94.5
1860	95.
1870	95.5
1880	96.
1890	96.5
1900	97.
1910	97.49999999999999
1920	97.99999999999999
1930	98.5
1940	99.
1950	99.5
1960	100.
1970	100.5
1980	101.
1990	101.5
2000	102.
2010	102.5
2020	103.
2030	103.5
2040	103.99999999999999
2050	104.49999999999999
2060	104.99999999999999
2070	105.49999999999999
2080	105.99999999999999
2090	106.49999999999999
2100	107.
2110	107.5
2120	108.
2130	108.5
2140	109.
2150	109.5
2160	110.
2170	110.5
2180	111.
2190	111.5
2200	111.99999999999999
2210	112.49999999999999
2220	112.99999999999999
2230	113.49999999999999
2240	113.99999999999999
2250	114.49999999999999
2260	114.99999999999999
2270	115.5
2280	116.
2290	116.5
2300	117.
2310	117.5
2320	118.
2330	118.5
2340	119.
2350	119.5
2360	119.99999999999999
2370	120.49999999999999
2380	120.99999999999999
2390	121.49999999999999
2400	121.99999999999999
2410	122.49999999999999
2420	122.99999999999999
2430	123.5
2440	124.
2450	124.5
2460	125.
2470	125.5
2480	126.
2490	126.5
2500	127.
2510	127.5
2520	127.99999999999999
2530	128.5
2540	129.
2550	129.5
2560	130.
2570	130.5
2580	131.
2590	131.5
2600	132.
2610	132.5
2620	133.
2630	133.5
2640	134.
2650	134.5
2660	135.
2670	135.5
2680	136.
2690	136.49999999999997
2700	136.99999999999997
2710	137.5
2720	138.
2730	138.5
2740	139.
2750	139.5
2760	140.
2770	140.5
2780	141.
2790	141.5
2800	142.
2810	142.5
2820	143.
2830	143.5
2840	144.
2850	144.49999999999997
2860	144.99999999999997
2870	145.5
2880	146.
2890	146.5
2900	147.
2910	147.5
2920	148.
2930	148.5
2940	149.
2950	149.5
2960	150.
2970	150.5
2980	151.
2990	151.5
3000	152.
3010	152.49999999999997
3020	152.99999999999997
3030	153.49999999999997
3040	154.
3050	154.5
3060	155.
3070	155.5
3080	156.
3090	156.5
3100	157.
3110	157.5
3120	158.
3130	158.5
3140	159.
3150	159.5
3160	160.
3170	160.49999999999997
3180	160.99999999999997
3190	161.49999999999997
3200	162.
3210	162.5
3220	163.
3230	163.5
3240	164.
3250	164.5
3260	165.
3270	165.5
3280	166.
3290	166.5
3300	167.
3310	167.5
3320	168.
3330	168.5
3340	168.99999999999997
3350	169.49999999999997
3360	169.99999999999997
3370	170.5
3380	171.
3390	171.5
3400	172.
3410	172.5
3420	173.
3430	173.5
3440	174.
3450	174.5
3460	175.
3470	175.5
3480	176.
3490	176.5
3500	176.99999999999997
3510	177.49999999999997
3520	177.99999999999997
3530	178.5
3540	179.
3550	179.5
3560	180.
3570	180.5
3580	181.
3590	181.5
3600	182.
3610	182.5
3620	183.
3630	183.5
3640	184.
3650	184.5
3660	184.99999999999997
3670	185.49999999999997
3680	185.99999999999997
3690	186.49999999999997
3700	187.
3710	187.5
3720	188.
3730	188.5
3740	189.
3750	189.5
3760	190.
3770	190.5
3780	191.
3790	191.5
3800	192.
3810	192.5
3820	192.99999999999997
3830	193.49999999999997
3840	193.99999999999997
3850	194.49999999999997
3860	195.
3870	195.5
3880	196.
3890	196.5
3900	197.
3910	197.49999999999997
3920	198.
3930	198.49999999999997
3940	199.
3950	199.49999999999997
3960	200.
3970	200.49999999999997
3980	201.
3990	201.49999999999997
4000	202.
4010	202.49999999999997
4020	203.
4030	203.5
4040	204.
4050	204.5
4060	205.
4070	205.5
4080	205.99999999999997
4090	206.5
4100	206.99999999999997
4110	207.5
4120	207.99999999999997
4130	208.5
4140	208.99999999999997
4150	209.5
4160	209.99999999999997
4170	210.5
4180	210.99999999999997
4190	211.5
4200	212.
4210	212.5
4220	213.
4230	213.49999999999997
4240	214.
4250	214.49999999999997
4260	215.
4270	215.49999999999997
4280	216.
4290	216.49999999999997
4300	217.
4310	217.49999999999997
4320	218.
4330	218.49999999999997
4340	219.
4350	219.49999999999997
4360	220.
4370	220.5
4380	221.
4390	221.5
4400	221.99999999999997
4410	222.5
4420	222.99999999999997
4430	223.5
4440	223.99999999999997
4450	224.5
4460	224.99999999999997
4470	225.5
4480	225.99999999999997
4490	226.5
4500	226.99999999999997
4510	227.5
4520	227.99999999999997
4530	228.5
4540	229.
4550	229.5
4560	230.
4570	230.49999999999997
4580	231.
4590	231.49999999999997
4600	232.
4610	232.49999999999997
4620	233.
4630	233.49999999999997
4640	234.
4650	234.49999999999997
4660	235.
4670	235.49999999999997
4680	236.
4690	236.5
4700	237.
4710	237.5
4720	237.99999999999997
4730	238.5
4740	238.99999999999997
4750	239.5
4760	239.99999999999997
4770	240.5
4780	240.99999999999997
4790	241.5
4800	241.99999999999997
4810	242.5
4820	242.99999999999997
4830	243.5
4840	243.99999999999997
4850	244.5
4860	245.
4870	245.5
4880	246.
4890	246.49999999999997
4900	247.
4910	247.49999999999997
4920	248.
4930	248.49999999999997
4940	249.
4950	249.49999999999997
4960	250.
4970	250.49999999999997
4980	251.
4990	251.49999999999997
5000	252.
5010	252.49999999999997
5020	253.
5030	253.5
5040	253.99999999999997
5050	254.5
5060	254.99999999999997
5070	255.5
5080	255.99999999999997
5090	256.5
5100	257.
5110	257.5
5120	258.
5130	258.5
5140	259.
5150	259.5
5160	260.
5170	260.5
5180	261.
5190	261.5
5200	262.
5210	262.49999999999994
5220	263.
5230	263.49999999999994
5240	264.
5250	264.5
5260	265.
5270	265.5
5280	266.
5290	266.5
5300	267.
5310	267.5
5320	268.
5330	268.5
5340	269.
5350	269.5
5360	270.
5370	270.5
5380	270.99999999999994
5390	271.5
5400	271.99999999999994
5410	272.5
5420	273.
5430	273.5
5440	274.
5450	274.5
5460	275.
5470	275.5
5480	276.
5490	276.5
5500	277.
5510	277.5
5520	278.
5530	278.49999999999994
5540	279.
5550	279.49999999999994
5560	280.
5570	280.49999999999994
5580	281.
5590	281.5
5600	282.
5610	282.5
5620	283.
5630	283.5
5640	284.
5650	284.5
5660	285.
5670	285.5
5680	286.
5690	286.5
5700	286.99999999999994
5710	287.5
5720	287.99999999999994
5730	288.5
5740	289.
5750	289.5
5760	290.
5770	290.5
5780	291.
5790	291.5
5800	292.
5810	292.5
5820	293.
5830	293.5
5840	294.
5850	294.5
5860	295.
5870	295.49999999999994
5880	296.
5890	296.49999999999994
5900	297.
5910	297.5
5920	298.
5930	298.5
5940	299.
5950	299.5
5960	300.
5970	300.5
5980	301.
5990	301.5
6000	302.
6010	302.5
6020	302.99999999999994
6030	303.5
6040	303.99999999999994
6050	304.5
6060	304.99999999999994
6070	305.5
6080	306.
6090	306.5
6100	307.
6110	307.5
6120	308.
6130	308.5
6140	309.
6150	309.5
6160	310.
6170	310.5
6180	311.
6190	311.49999999999994
6200	312.
6210	312.49999999999994
6220	313.
6230	313.49999999999994
6240	314.
6250	314.5
6260	315.
6270	315.5
6280	316.
6290	316.5
6300	317.
6310	317.5
6320	318.
6330	318.5
6340	318.99999999999994
6350	319.5
6360	319.99999999999994
6370	320.5
6380	320.99999999999994
6390	321.5
6400	322.
6410	322.5
6420	323.
6430	323.5
6440	324.
6450	324.5
6460	325.
6470	325.5
6480	326.
6490	326.5
6500	327.
6510	327.49999999999994
6520	328.
6530	328.49999999999994
6540	329.
6550	329.49999999999994
6560	330.
6570	330.5
6580	331.
6590	331.5
6600	332.
6610	332.5
6620	333.
6630	333.5
6640	334.
6650	334.5
6660	335.
6670	335.5
6680	335.99999999999994
6690	336.5
6700	336.99999999999994
6710	337.5
6720	337.99999999999994
6730	338.5
6740	339.
6750	339.5
6760	340.
6770	340.5
6780	341.
6790	341.5
6800	342.
6810	342.5
6820	343.
6830	343.49999999999994
6840	344.
6850	344.49999999999994
6860	345.
6870	345.49999999999994
6880	346.
6890	346.49999999999994
6900	347.
6910	347.5
6920	348.
6930	348.5
6940	349.
6950	349.5
6960	350.
6970	350.5
6980	351.
6990	351.5
7000	351.99999999999994
7010	352.5
7020	352.99999999999994
7030	353.5
7040	353.99999999999994
7050	354.5
7060	355.
7070	355.5
7080	356.
7090	356.5
7100	357.
7110	357.5
7120	358.
7130	358.5
7140	359.
7150	359.5
7160	360.
7170	360.49999999999994
7180	361.
7190	361.49999999999994
7200	362.
7210	362.49999999999994
7220	363.
7230	363.5
7240	364.
7250	364.5
7260	365.
7270	365.5
7280	366.
7290	366.5
7300	367.
7310	367.5
7320	367.99999999999994
7330	368.5
7340	368.99999999999994
7350	369.5
7360	369.99999999999994
7370	370.5
7380	370.99999999999994
7390	371.5
7400	372.
7410	372.5
7420	373.
7430	373.5
7440	374.
7450	374.5
7460	375.
7470	375.5
7480	376.
7490	376.49999999999994
7500	377.
7510	377.49999999999994
7520	378.
7530	378.49999999999994
7540	379.
7550	379.49999999999994
7560	380.
7570	380.5
7580	381.
7590	381.5
7600	382.
7610	382.5
7620	383.
7630	383.5
7640	383.99999999999994
7650	384.5
7660	384.99999999999994
7670	385.5
7680	385.99999999999994
7690	386.5
7700	386.99999999999994
7710	387.5
7720	388.
7730	388.5
7740	389.
7750	389.5
7760	390.
7770	390.5
7780	391.
7790	391.5
7800	392.
7810	392.49999999999994
7820	392.99999999999994
7830	393.5
7840	394.
7850	394.49999999999994
7860	394.99999999999994
7870	395.5
7880	396.
7890	396.5
7900	396.99999999999994
7910	397.5
7920	398.
7930	398.5
7940	398.99999999999994
7950	399.5
7960	400.
7970	400.5
7980	400.99999999999994
7990	401.49999999999994
8000	402.
8010	402.5
8020	402.99999999999994
8030	403.49999999999994
8040	404.
8050	404.5
8060	405.
8070	405.49999999999994
8080	406.
8090	406.5
8100	407.
8110	407.49999999999994
8120	408.
8130	408.5
8140	409.
8150	409.49999999999994
8160	409.99999999999994
8170	410.5
8180	411.
8190	411.49999999999994
8200	411.99999999999994
8210	412.5
8220	413.
8230	413.5
8240	413.99999999999994
8250	414.5
8260	415.
8270	415.5
8280	415.99999999999994
8290	416.49999999999994
8300	417.
8310	417.5
8320	417.99999999999994
8330	418.49999999999994
8340	419.
8350	419.5
8360	419.99999999999994
8370	420.49999999999994
8380	421.
8390	421.5
8400	422.
8410	422.49999999999994
8420	423.
8430	423.5
8440	424.
8450	424.49999999999994
8460	424.99999999999994
8470	425.5
8480	426.
8490	426.49999999999994
8500	426.99999999999994
8510	427.5
8520	428.
8530	428.49999999999994
8540	428.99999999999994
8550	429.5
8560	430.
8570	430.5
8580	430.99999999999994
8590	431.5
8600	432.
8610	432.5
8620	432.99999999999994
8630	433.49999999999994
8640	434.
8650	434.5
8660	434.99999999999994
8670	435.49999999999994
8680	436.
8690	436.5
8700	436.99999999999994
8710	437.49999999999994
8720	438.
8730	438.5
8740	439.
8750	439.49999999999994
8760	440.
8770	440.5
8780	441.
8790	441.49999999999994
8800	441.99999999999994
8810	442.5
8820	443.
8830	443.49999999999994
8840	443.99999999999994
8850	444.5
8860	445.
8870	445.49999999999994
8880	445.99999999999994
8890	446.5
8900	447.
8910	447.5
8920	447.99999999999994
8930	448.5
8940	449.
8950	449.5
8960	449.99999999999994
8970	450.49999999999994
8980	451.
8990	451.5
9000	451.99999999999994
9010	452.49999999999994
9020	453.
9030	453.5
9040	453.99999999999994
9050	454.49999999999994
9060	455.
9070	455.5
9080	456.
9090	456.49999999999994
9100	457.
9110	457.5
9120	458.
9130	458.49999999999994
9140	458.99999999999994
9150	459.5
9160	460.
9170	460.49999999999994
9180	460.99999999999994
9190	461.5
9200	462.
9210	462.5
9220	462.99999999999994
9230	463.5
9240	464.
9250	464.5
9260	464.99999999999994
9270	465.49999999999994
9280	466.
9290	466.5
9300	466.99999999999994
9310	467.49999999999994
9320	468.
9330	468.5
9340	468.99999999999994
9350	469.49999999999994
9360	470.
9370	470.5
9380	471.
9390	471.49999999999994
9400	472.
9410	472.5
9420	473.
9430	473.49999999999994
9440	473.99999999999994
9450	474.5
9460	475.
9470	475.49999999999994
9480	475.99999999999994
9490	476.5
9500	477.
9510	477.49999999999994
9520	477.99999999999994
9530	478.5
9540	479.
9550	479.5
9560	479.99999999999994
9570	480.5
9580	481.
9590	481.5
9600	481.99999999999994
9610	482.49999999999994
9620	483.
9630	483.5
9640	483.99999999999994
9650	484.49999999999994
9660	485.
9670	485.5
9680	485.99999999999994
9690	486.49999999999994
9700	487.
9710	487.5
9720	488.
9730	488.49999999999994
9740	489.
9750	489.5
9760	490.
9770	490.49999999999994
9780	490.99999999999994
9790	491.5
9800	492.
9810	492.49999999999994
9820	492.99999999999994
9830	493.5
9840	494.
9850	494.49999999999994
9860	494.99999999999994
9870	495.5
9880	496.
9890	496.5
9900	496.99999999999994
9910	497.5
9920	498.
9930	498.5
9940	498.99999999999994
9950	499.49999999999994
9960	500.
9970	500.5
9980	500.99999999999994
9990	501.49999999999994
10000	502.