0	2
1	2
2	2
3	2
4	2
5	2
6	2
7	2
8	2
9	2
10	2
11	2
12	2
13	2
14	2
15	2
16	2
17	2
18	2
19	2
20	2
21	2
22	2
23	2
24	2
25	2
26	2
27	2
28	2
29	2
30	2
31	2
32	2
33	2
34	2
35	2
36	2
37	2
38	2
39	2
40	2
41	2
42	2
43	2
44	2
45	2
46	2
47	2
48	2
49	2
50	2
51	2
52	2
53	2
54	2
55	2
56	2
57	2
58	2
59	2
60	2
61	2
62	2
63	2
64	2
65	2
66	2
67	2
68	2
69	2
70	2
71	2
72	2
73	2
74	2
75	2
76	2
77	2
78	2
79	2
80	2
81	2
82	2
83	2
84	2
85	2
86	2
87	2
88	2
89	2
90	2
91	2
92	2
93	2
94	2
95	2
96	2
97	2
98	2
99	2
100	2
101	2
102	2
103	2
104	2
105	2
106	2
107	2
108	2
109	2
110	2
111	2
112	2
113	2
114	2
115	2
116	2
117	2
118	2
119	2
120	2
121	2
122	2
123	2
124	2
125	2
126	2
127	2
128	2
129	2
130	2
131	2
132	2
133	2
134	2
135	2
136	2
137	2
138	2
139	2
140	2
141	2
142	2
143	2
144	2
145	2
146	2
147	2
148	2
149	2
150	2
151	2
152	2
153	2
154	2
155	2
156	2
157	2
158	2
159	2
160	2
161	2
162	2
163	2
164	2
165	2
166	2
167	2
168	2
169	2
170	2
171	2
172	2
173	2
174	2
175	2
176	2
177	2
178	2
179	2
180	2
181	2
182	2
183	2
184	2
185	2
186	2
187	2
188	2
189	2
190	2
191	2
192	2
193	2
194	2
195	2
196	2
197	2
198	2
199	2
200	2
201	2
202	2
203	2
204	2
205	2
206	2
207	2
208	2
209	2
210	2
211	2
212	2
213	2
214	2
215	2
216	2
217	2
218	2
219	2
220	2
221	2
222	2
223	2
224	2
225	2
226	2
227	2
228	2
229	2
230	2
231	2
232	2
233	2
234	2
235	2
236	2
237	2
238	2
239	2
240	2
241	2
242	2
243	2
244	2
245	2
246	2
247	2
248	2
249	2
250	2
251	2
252	2
253	2
254	2
255	2
256	2
257	2
258	2
259	2
260	2
261	2
262	2
263	2
264	2
265	2
266	2
267	2
268	2
269	2
270	2
271	2
272	2
273	2
274	2
275	2
276	2
277	2
278	2
279	2
280	2
281	2
282	2
283	2
284	2
285	2
286	2
287	2
288	2
289	2
290	2
291	2
292	2
293	2
294	2
295	2
296	2
297	2
298	2
299	2
300	2
301	2
302	2
303	2
304	2
305	2
306	2
307	2
308	2
309	2
310	2
311	2
312	2
313	2
314	2
315	2
316	2
317	2
318	2
319	2
320	2
321	2
322	2
323	2
324	2
325	2
326	2
327	2
328	2
329	2
330	2
331	2
332	2
333	2
334	2
335	2
336	2
337	2
338	2
339	2
340	2
341	2
342	2
343	2
344	2
345	2
346	2
347	2
348	2
349	2
350	2
351	2
352	2
353	2
354	2
355	2
356	2
357	2
358	2
359	2
360	2
361	2
362	2
363	2
364	2
365	2
366	2
367	2
368	2
369	2
370	2
371	2
372	2
373	2
374	2
375	2
376	2
377	2
378	2
379	2
380	2
381	2
382	2
383	2
384	2
385	2
386	2
387	2
388	2
389	2
390	2
391	2
392	2
393	2
394	2
395	2
396	2
397	2
398	2
399	2
400	2
401	2
402	2
403	2
404	2
405	2
406	2
407	2
408	2
409	2
410	2
411	2
412	2
413	2
414	2
415	2
416	2
417	2
418	2
419	2
420	2
421	2
422	2
423	2
424	2
425	2
426	2
427	2
428	2
429	2
430	2
431	2
432	2
433	2
434	2
435	2
436	2
437	2
438	2
439	2
440	2
441	2
442	2
443	2
444	2
445	2
446	2
447	2
448	2
449	2
450	2
451	2
452	2
453	2
454	2
455	2
456	2
457	2
458	2
459	2
460	2
461	2
462	2
463	2
464	2
465	2
466	2
467	2
468	2
469	2
470	2
471	2
472	2
473	2
474	2
475	2
476	2
477	2
478	2
479	2
480	2
481	2
482	2
483	2
484	2
485	2
486	2
487	2
488	2
489	2
490	2
491	2
492	2
493	2
494	2
495	2
496	2
497	2
498	2
499	2
500	2
501	2
502	2
503	2
504	2
505	2
506	2
507	2
508	2
509	2
510	2
511	2
512	2
513	2
514	2
515	2
516	2
517	2
518	2
519	2
520	2
521	2
522	2
523	2
524	2
525	2
526	2
527	2
528	2
529	2
530	2
531	2
532	2
533	2
534	2
535	2
536	2
537	2
538	2
539	2
540	2
541	2
542	2
543	2
544	2
545	2
546	2
547	2
548	2
549	2
550	2
551	2
552	2
553	2
554	2
555	2
556	2
557	2
558	2
559	2
560	2
561	2
562	2
563	2
564	2
565	2
566	2
567	2
568	2
569	2
570	2
571	2
572	2
573	2
574	2
575	2
576	2
577	2
578	2
579	2
580	2
581	2
582	2
583	2
584	2
585	2
586	2
587	2
588	2
589	2
590	2
591	2
592	2
593	2
594	2
595	2
596	2
597	2
598	2
599	2
600	2
601	2
602	2
603	2
604	2
605	2
606	2
607	2
608	2
609	2
610	2
611	2
612	2
613	3
614	3
615	2
616	2
617	2
618	2
619	2
620	2
621	2
622	2
623	2
624	2
625	2
626	2
627	2
628	2
629	2
630	2
631	2
632	2
633	2
634	2
635	2
636	2
637	2
638	2
639	2
640	2
641	2
642	2
643	2
644	2
645	2
646	2
647	2
648	2
649	2
650	2
651	2
652	2
653	2
654	2
655	2
656	2
657	2
658	2
659	2
660	2
661	2
662	2
663	2
664	2
665	2
666	2
667	2
668	2
669	2
670	2
671	2
672	2
673	2
674	2
675	2
676	2
677	2
678	2
679	2
680	2
681	2
682	2
683	2
684	2
685	2
686	2
687	2
688	2
689	2
690	2
691	2
692	2
693	2
694	2
695	2
696	2
697	2
698	2
699	2
700	2
701	2
702	2
703	2
704	2
705	2
706	2
707	2
708	2
709	2
710	2
711	2
712	2
713	2
714	2
715	2
716	2
717	2
718	2
719	2
720	2
721	2
722	2
723	2
724	2
725	2
726	2
727	2
728	2
729	2
730	2
731	2
732	2
733	2
734	2
735	2
736	2
737	2
738	2
739	2
740	2
741	2
742	2
743	2
744	2
745	2
746	2
747	3
748	3
749	3
750	3
751	3
752	3
753	3
754	3
755	3
756	3
757	3
758	3
759	3
760	3
761	3
762	3
763	3
764	3
765	3
766	3
767	3
768	3
769	3
770	3
771	3
772	3
773	3
774	3
775	3
776	3
777	3
778	3
779	3
780	3
781	3
782	3
783	3
784	3
785	3
786	3
787	3
788	3
789	3
790	3
791	3
792	3
793	3
794	3
795	3
796	3
797	3
798	3
799	3
800	3
801	3
802	3
803	3
804	3
805	3
806	3
807	3
808	3
809	3
810	3
811	3
812	3
813	3
814	3
815	3
816	3
817	3
818	3
819	3
820	3
821	3
822	3
823	3
824	3
825	3
826	3
827	3
828	3
829	3
830	3
831	3
832	3
833	3
834	3
835	3
836	3
837	3
838	3
839	3
840	3
841	3
842	3
843	3
844	3
845	3
846	3
847	3
848	3
849	3
850	3
851	3
852	3
853	3
854	3
855	3
856	3
857	3
858	3
859	3
860	3
861	3
862	3
863	3
864	3
865	3
866	3
867	3
868	3
869	3
870	3
871	3
872	3
873	3
874	3
875	3
876	3
877	3
878	3
879	3
880	3
881	3
882	3
883	3
884	3
885	3
886	3
887	3
888	3
889	3
890	3
891	3
892	3
893	3
894	3
895	3
896	3
897	3
898	3
899	3
900	3
901	3
902	3
903	3
904	3
905	3
906	3
907	3
908	3
909	3
910	3
911	3
912	3
913	3
914	3
915	3
916	3
917	3
918	3
919	3
920	3
921	3
922	3
923	3
924	3
925	3
926	3
927	3
928	3
929	3
930	3
931	3
932	3
933	3
934	3
935	3
936	3
937	3
938	3
939	3
940	3
941	3
942	3
943	3
944	3
945	3
946	3
947	3
948	3
949	3
950	3
951	3
952	3
953	3
954	3
955	3
956	3
957	3
958	3
959	3
960	3
961	3
962	3
963	4
964	3
965	3
966	3
967	3
968	3
969	3
970	3
971	3
972	3
973	3
974	3
975	3
976	3
977	3
978	3
979	3
980	3
981	3
982	3
983	3
984	3
985	3
986	3
987	3
988	3
989	3
990	3
991	3
992	3
993	3
994	3
995	3
996	3
997	3
998	3
999	3
1000	3
1001	3
1002	3
1003	3
1004	3
1005	3
1006	3
1007	3
1008	3
1009	3
1010	3
1011	3
1012	3
1013	3
1014	3
1015	3
1016	3
1017	3
1018	3
1019	3
1020	3
1021	3
1022	3
1023	3
1024	3
1025	3
1026	3
1027	3
1028	3
1029	3
1030	3
1031	3
1032	3
1033	3
1034	3
1035	3
1036	3
1037	3
1038	3
1039	3
1040	3
1041	3
1042	3
1043	3
1044	3
1045	3
1046	3
1047	3
1048	3
1049	3
1050	3
1051	3
1052	3
1053	3
1054	3
1055	3
1056	3
1057	3
1058	3
1059	3
1060	3
1061	3
1062	3
1063	3
1064	3
1065	3
1066	3
1067	3
1068	3
1069	3
1070	3
1071	3
1072	3
1073	3
1074	3
1075	3
1076	3
1077	3
1078	3
1079	3
1080	3
1081	3
1082	3
1083	3
1084	3
1085	3
1086	3
1087	3
1088	3
1089	3
1090	3
1091	3
1092	3
1093	3
1094	3
1095	3
1096	3
1097	3
1098	3
1099	3
1100	3
1101	3
1102	3
1103	3
1104	3
1105	3
1106	3
1107	3
1108	3
1109	3
1110	3
1111	3
1112	3
1113	3
1114	3
1115	3
1116	3
1117	3
1118	3
1119	3
1120	3
1121	3
1122	3
1123	3
1124	3
1125	3
1126	3
1127	3
1128	3
1129	3
1130	3
1131	3
1132	3
1133	3
1134	3
1135	3
1136	3
1137	3
1138	3
1139	3
1140	3
1141	3
1142	3
1143	3
1144	3
1145	3
1146	3
1147	3
1148	3
1149	4
1150	4
1151	4
1152	3
1153	3
1154	3
1155	3
1156	3
1157	3
1158	3
1159	3
1160	3
1161	3
1162	3
1163	3
1164	3
1165	3
1166	3
1167	3
1168	3
1169	3
1170	3
1171	3
1172	3
1173	3
1174	3
1175	3
1176	3
1177	3
1178	3
1179	3
1180	3
1181	3
1182	3
1183	3
1184	3
1185	3
1186	3
1187	3
1188	3
1189	3
1190	3
1191	3
1192	3
1193	3
1194	3
1195	3
1196	3
1197	3
1198	3
1199	3
1200	3
1201	3
1202	3
1203	3
1204	3
1205	3
1206	3
1207	3
1208	3
1209	3
1210	3
1211	3
1212	3
1213	3
1214	3
1215	3
1216	3
1217	3
1218	3
1219	3
1220	3
1221	3
1222	3
1223	3
1224	3
1225	3
1226	3
1227	3
1228	3
1229	3
1230	3
1231	3
1232	3
1233	3
1234	3
1235	3
1236	3
1237	3
1238	3
1239	3
1240	3
1241	3
1242	3
1243	3
1244	3
1245	3
1246	3
1247	3
1248	3
1249	3
1250	3
1251	3
1252	3
1253	3
1254	3
1255	3
1256	3
1257	3
1258	3
1259	3
1260	3
1261	3
1262	3
1263	3
1264	3
1265	3
1266	3
1267	3
1268	3
1269	3
1270	3
1271	3
1272	3
1273	3
1274	3
1275	4
1276	4
1277	4
1278	4
1279	4
1280	4
1281	5
1282	5
1283	5
1284	5
1285	5
1286	5
1287	5
1288	5
1289	5
1290	5
1291	5
1292	5
1293	5
1294	5
1295	5
1296	5
1297	5
1298	5
1299	5
1300	5
1301	5
1302	5
1303	5
1304	5
1305	5
1306	5
1307	5
1308	5
1309	5
1310	5
1311	5
1312	5
1313	5
1314	5
1315	5
1316	5
1317	5
1318	5
1319	5
1320	5
1321	5
1322	5
1323	5
1324	5
1325	5
1326	5
1327	5
1328	5
1329	5
1330	5
1331	5
1332	5
1333	5
1334	5
1335	5
1336	5
1337	5
1338	5
1339	5
1340	5
1341	5
1342	5
1343	5
1344	5
1345	5
1346	5
1347	5
1348	5
1349	5
1350	6
1351	6
1352	6
1353	6
1354	6
1355	6
1356	6
1357	6
1358	6
1359	6
1360	6
1361	6
1362	6
1363	6
1364	6
1365	6
1366	6
1367	6
1368	6
1369	6
1370	6
1371	6
1372	6
1373	6
1374	6
1375	6
1376	6
1377	6
1378	6
1379	6
1380	6
1381	6
1382	6
1383	6
1384	6
1385	6
1386	6
1387	6
1388	6
1389	6
1390	6
1391	6
1392	6
1393	6
1394	6
1395	6
1396	6
1397	6
1398	6
1399	6
1400	6
1401	6
1402	6
1403	6
1404	6
1405	6
1406	6
1407	6
1408	6
1409	6
1410	6
1411	6
1412	6
1413	6
1414	6
1415	6
1416	6
1417	6
1418	6
1419	6
1420	6
1421	6
1422	6
1423	6
1424	6
1425	6
1426	6
1427	6
1428	6
1429	6
1430	6
1431	6
1432	6
1433	6
1434	6
1435	6
1436	6
1437	6
1438	6
1439	6
1440	6
1441	6
1442	6
1443	6
1444	6
1445	6
1446	6
1447	6
1448	6
1449	6
1450	6
1451	6
1452	6
1453	6
1454	6
1455	6
1456	6
1457	6
1458	6
1459	6
1460	6
1461	6
1462	6
1463	6
1464	6
1465	6
1466	6
1467	6
1468	6
1469	6
1470	6
1471	6
1472	6
1473	6
1474	6
1475	6
1476	6
1477	6
1478	6
1479	6
1480	6
1481	6
1482	6
1483	6
1484	6
1485	6
1486	6
1487	6
1488	6
1489	6
1490	6
1491	6
1492	6
1493	6
1494	6
1495	6
1496	6
1497	6
1498	6
1499	6
1500	6
1501	6
1502	6
1503	6
1504	6
1505	6
1506	6
1507	6
1508	6
1509	6
1510	6
1511	6
1512	6
1513	6
1514	6
1515	6
1516	6
1517	6
1518	6
1519	6
1520	6
1521	6
1522	6
1523	6
1524	6
1525	6
1526	6
1527	6
1528	6
1529	6
1530	6
1531	6
1532	6
1533	6
1534	6
1535	6
1536	6
1537	6
1538	6
1539	6
1540	6
1541	6
1542	6
1543	6
1544	6
1545	6
1546	6
1547	6
1548	6
1549	6
1550	6
1551	6
1552	6
1553	6
1554	6
1555	6
1556	6
1557	6
1558	6
1559	6
1560	6
1561	6
1562	6
1563	6
1564	6
1565	6
1566	6
1567	6
1568	6
1569	6
1570	6
1571	6
1572	6
1573	6
1574	6
1575	6
1576	6
1577	6
1578	6
1579	6
1580	6
1581	6
1582	6
1583	6
1584	6
1585	6
1586	6
1587	6
1588	6
1589	6
1590	6
1591	6
1592	6
1593	6
1594	6
1595	6
1596	6
1597	6
1598	6
1599	6
1600	6
1601	6
1602	6
1603	6
1604	6
1605	6
1606	6
1607	6
1608	6
1609	6
1610	6
1611	6
1612	6
1613	6
1614	6
1615	6
1616	6
1617	6
1618	6
1619	6
1620	6
1621	6
1622	6
1623	6
1624	6
1625	6
1626	6
1627	6
1628	6
1629	6
1630	6
1631	6
1632	6
1633	6
1634	6
1635	6
1636	6
1637	6
1638	6
1639	6
1640	6
1641	6
1642	6
1643	6
1644	6
1645	6
1646	6
1647	6
1648	6
1649	6
1650	6
1651	6
1652	6
1653	6
1654	6
1655	6
1656	6
1657	6
1658	6
1659	6
1660	6
1661	6
1662	6
1663	6
1664	6
1665	6
1666	6
1667	6
1668	6
1669	6
1670	6
1671	6
1672	6
1673	6
1674	6
1675	6
1676	6
1677	6
1678	6
1679	6
1680	6
1681	6
1682	6
1683	6
1684	6
1685	6
1686	6
1687	6
1688	6
1689	6
1690	6
1691	6
1692	6
1693	6
1694	6
1695	6
1696	6
1697	6
1698	6
1699	6
1700	6
1701	6
1702	6
1703	6
1704	6
1705	6
1706	6
1707	6
1708	6
1709	6
1710	6
1711	6
1712	6
1713	6
1714	6
1715	6
1716	6
1717	6
1718	6
1719	6
1720	6
1721	6
1722	6
1723	6
1724	6
1725	6
1726	6
1727	6
1728	6
1729	6
1730	6
1731	6
1732	6
1733	6
1734	6
1735	6
1736	6
1737	6
1738	6
1739	6
1740	6
1741	6
1742	6
1743	6
1744	6
1745	6
1746	6
1747	6
1748	6
1749	6
1750	6
1751	6
1752	6
1753	6
1754	6
1755	6
1756	6
1757	6
1758	6
1759	6
1760	6
1761	6
1762	6
1763	6
1764	6
1765	6
1766	6
1767	6
1768	6
1769	6
1770	6
1771	6
1772	6
1773	6
1774	6
1775	6
1776	6
1777	6
1778	6
1779	6
1780	6
1781	6
1782	6
1783	6
1784	6
1785	6
1786	6
1787	6
1788	6
1789	6
1790	6
1791	6
1792	6
1793	6
1794	6
1795	6
1796	6
1797	6
1798	6
1799	6
1800	6
1801	6
1802	6
1803	6
1804	6
1805	6
1806	6
1807	6
1808	6
1809	6
1810	6
1811	6
1812	6
1813	6
1814	6
1815	6
1816	6
1817	6
1818	6
1819	6
1820	6
1821	6
1822	6
1823	6
1824	6
1825	6
1826	6
1827	6
1828	6
1829	6
1830	6
1831	6
1832	6
1833	6
1834	6
1835	6
1836	6
1837	6
1838	6
1839	6
1840	6
1841	6
1842	6
1843	6
1844	6
1845	6
1846	6
1847	6
1848	6
1849	6
1850	6
1851	6
1852	6
1853	6
1854	6
1855	6
1856	6
1857	6
1858	6
1859	6
1860	6
1861	6
1862	6
1863	6
1864	6
1865	6
1866	6
1867	6
1868	6
1869	6
1870	6
1871	6
1872	6
1873	6
1874	6
1875	6
1876	6
1877	6
1878	6
1879	6
1880	6
1881	6
1882	6
1883	6
1884	6
1885	6
1886	6
1887	6
1888	6
1889	6
1890	6
1891	6
1892	6
1893	6
1894	6
1895	6
1896	6
1897	6
1898	6
1899	6
1900	6
1901	6
1902	6
1903	6
1904	6
1905	6
1906	6
1907	6
1908	6
1909	6
1910	6
1911	6
1912	6
1913	6
1914	6
1915	6
1916	6
1917	6
1918	6
1919	6
1920	6
1921	6
1922	6
1923	6
1924	6
1925	6
1926	6
1927	6
1928	7
1929	6
1930	6
1931	6
1932	6
1933	6
1934	6
1935	6
1936	6
1937	6
1938	6
1939	6
1940	6
1941	6
1942	6
1943	6
1944	6
1945	6
1946	6
1947	6
1948	6
1949	6
1950	6
1951	6
1952	6
1953	6
1954	6
1955	6
1956	6
1957	6
1958	6
1959	6
1960	6
1961	6
1962	6
1963	6
1964	6
1965	6
1966	6
1967	6
1968	6
1969	6
1970	6
1971	6
1972	6
1973	6
1974	6
1975	6
1976	6
1977	6
1978	6
1979	6
1980	6
1981	6
1982	6
1983	6
1984	6
1985	6
1986	6
1987	6
1988	6
1989	6
1990	6
1991	6
1992	6
1993	6
1994	6
1995	6
1996	6
1997	6
1998	6
1999	6
2000	6
2001	6
2002	6
2003	6
2004	6
2005	6
2006	6
2007	6
2008	6
2009	6
2010	6
2011	6
2012	6
2013	6
2014	6
2015	6
2016	6
2017	6
2018	6
2019	6
2020	6
2021	6
2022	6
2023	6
2024	6
2025	6
2026	6
2027	6
2028	6
2029	6
2030	6
2031	6
2032	6
2033	6
2034	6
2035	6
2036	6
2037	6
2038	6
2039	6
2040	6
2041	6
2042	6
2043	6
2044	6
2045	6
2046	6
2047	6
2048	6
2049	6
2050	6
2051	6
2052	6
2053	6
2054	6
2055	6
2056	6
2057	6
2058	6
2059	6
2060	6
2061	6
2062	6
2063	6
2064	6
2065	6
2066	6
2067	6
2068	6
2069	6
2070	6
2071	6
2072	6
2073	6
2074	6
2075	6
2076	6
2077	6
2078	6
2079	6
2080	6
2081	6
2082	6
2083	6
2084	6
2085	6
2086	6
2087	6
2088	6
2089	6
2090	6
2091	6
2092	6
2093	6
2094	6
2095	6
2096	6
2097	6
2098	6
2099	6
2100	6
2101	6
2102	6
2103	6
2104	6
2105	6
2106	6
2107	6
2108	6
2109	6
2110	6
2111	6
2112	6
2113	6
2114	6
2115	6
2116	6
2117	6
2118	6
2119	6
2120	6
2121	6
2122	6
2123	6
2124	6
2125	6
2126	6
2127	6
2128	6
2129	6
2130	6
2131	6
2132	6
2133	6
2134	6
2135	6
2136	6
2137	6
2138	6
2139	6
2140	6
2141	6
2142	6
2143	6
2144	6
2145	6
2146	6
2147	6
2148	6
2149	6
2150	6
2151	6
2152	6
2153	6
2154	6
2155	6
2156	6
2157	6
2158	6
2159	6
2160	6
2161	6
2162	6
2163	6
2164	6
2165	6
2166	6
2167	6
2168	6
2169	6
2170	6
2171	6
2172	6
2173	6
2174	6
2175	6
2176	6
2177	6
2178	6
2179	6
2180	6
2181	6
2182	6
2183	6
2184	6
2185	6
2186	6
2187	7
2188	7
2189	7
2190	7
2191	7
2192	7
2193	7
2194	7
2195	7
2196	7
2197	7
2198	7
2199	7
2200	7
2201	7
2202	7
2203	7
2204	7
2205	7
2206	7
2207	7
2208	7
2209	7
2210	7
2211	7
2212	7
2213	7
2214	7
2215	7
2216	7
2217	7
2218	7
2219	7
2220	7
2221	7
2222	6
2223	6
2224	6
2225	6
2226	6
2227	6
2228	6
2229	6
2230	6
2231	6
2232	6
2233	6
2234	6
2235	6
2236	6
2237	6
2238	6
2239	6
2240	6
2241	6
2242	6
2243	6
2244	6
2245	6
2246	6
2247	6
2248	6
2249	6
2250	6
2251	6
2252	6
2253	6
2254	6
2255	6
2256	6
2257	6
2258	6
2259	6
2260	6
2261	6
2262	6
2263	6
2264	6
2265	6
2266	6
2267	6
2268	6
2269	6
2270	6
2271	6
2272	6
2273	6
2274	6
2275	6
2276	6
2277	6
2278	6
2279	6
2280	6
2281	6
2282	6
2283	6
2284	6
2285	6
2286	6
2287	6
2288	6
2289	6
2290	6
2291	6
2292	6
2293	6
2294	6
2295	6
2296	6
2297	6
2298	6
2299	6
2300	6
2301	6
2302	6
2303	6
2304	6
2305	6
2306	6
2307	6
2308	6
2309	6
2310	6
2311	6
2312	6
2313	6
2314	6
2315	6
2316	6
2317	6
2318	6
2319	6
2320	6
2321	6
2322	6
2323	6
2324	6
2325	6
2326	6
2327	6
2328	6
2329	6
2330	6
2331	6
2332	6
2333	6
2334	6
2335	6
2336	6
2337	6
2338	6
2339	6
2340	6
2341	6
2342	6
2343	6
2344	6
2345	6
2346	6
2347	6
2348	6
2349	6
2350	6
2351	6
2352	6
2353	6
2354	6
2355	6
2356	6
2357	6
2358	6
2359	6
2360	6
2361	6
2362	6
2363	6
2364	6
2365	6
2366	6
2367	6
2368	6
2369	6
2370	6
2371	6
2372	6
2373	6
2374	6
2375	6
2376	6
2377	6
2378	6
2379	6
2380	6
2381	6
2382	6
2383	6
2384	6
2385	6
2386	6
2387	6
2388	6
2389	6
2390	6
2391	6
2392	6
2393	6
2394	6
2395	6
2396	6
2397	6
2398	6
2399	6
2400	6
2401	6
2402	6
2403	6
2404	6
2405	6
2406	6
2407	6
2408	6
2409	6
2410	6
2411	6
2412	6
2413	6
2414	6
2415	6
2416	6
2417	6
2418	6
2419	6
2420	6
2421	6
2422	6
2423	6
2424	6
2425	6
2426	6
2427	6
2428	6
2429	6
2430	6
2431	6
2432	6
2433	6
2434	6
2435	6
2436	6
2437	6
2438	6
2439	6
2440	6
2441	6
2442	6
2443	6
2444	6
2445	6
2446	6
2447	6
2448	6
2449	6
2450	6
2451	6
2452	6
2453	6
2454	6
2455	6
2456	6
2457	6
2458	6
2459	6
2460	6
2461	6
2462	6
2463	6
2464	6
2465	6
2466	6
2467	6
2468	6
2469	6
2470	6
2471	6
2472	6
2473	6
2474	6
2475	6
2476	6
2477	6
2478	6
2479	6
2480	6
2481	6
2482	6
2483	6
2484	6
2485	6
2486	6
2487	6
2488	6
2489	6
2490	6
2491	6
2492	6
2493	7
2494	7
2495	7
2496	7
2497	7
2498	7
2499	7
2500	7
2501	7
2502	6
2503	6
2504	6
2505	6
2506	6
2507	6
2508	6
2509	6
2510	6
2511	6
2512	6
2513	6
2514	6
2515	6
2516	6
2517	6
2518	6
2519	6
2520	6
2521	6
2522	6
2523	6
2524	6
2525	6
2526	6
2527	6
2528	6
2529	6
2530	6
2531	6
2532	6
2533	6
2534	6
2535	6
2536	6
2537	6
2538	6
2539	6
2540	6
2541	6
2542	6
2543	6
2544	6
2545	6
2546	6
2547	6
2548	6
2549	6
2550	6
2551	6
2552	6
2553	6
2554	6
2555	6
2556	6
2557	6
2558	6
2559	6
2560	6
2561	6
2562	6
2563	6
2564	6
2565	6
2566	6
2567	6
2568	6
2569	6
2570	6
2571	6
2572	6
2573	6
2574	6
2575	6
2576	6
2577	6
2578	6
2579	6
2580	6
2581	6
2582	6
2583	6
2584	6
2585	6
2586	6
2587	6
2588	6
2589	6
2590	6
2591	6
2592	6
2593	6
2594	6
2595	6
2596	6
2597	6
2598	6
2599	6
2600	6
2601	6
2602	6
2603	6
2604	6
2605	6
2606	6
2607	6
2608	6
2609	6
2610	6
2611	7
2612	6
2613	6
2614	6
2615	6
2616	6
2617	6
2618	6
2619	6
2620	6
2621	6
2622	6
2623	6
2624	6
2625	6
2626	6
2627	6
2628	6
2629	6
2630	6
2631	6
2632	6
2633	6
2634	6
2635	6
2636	6
2637	6
2638	6
2639	6
2640	6
2641	6
2642	6
2643	6
2644	6
2645	6
2646	6
2647	6
2648	6
2649	6
2650	6
2651	6
2652	6
2653	6
2654	6
2655	6
2656	6
2657	6
2658	6
2659	6
2660	6
2661	6
2662	6
2663	6
2664	6
2665	6
2666	6
2667	6
2668	6
2669	6
2670	6
2671	6
2672	6
2673	6
2674	6
2675	6
2676	6
2677	6
2678	6
2679	6
2680	6
2681	6
2682	6
2683	6
2684	6
2685	6
2686	6
2687	6
2688	6
2689	6
2690	6
2691	6
2692	6
2693	6
2694	6
2695	6
2696	6
2697	6
2698	6
2699	6
2700	6
2701	6
2702	6
2703	6
2704	6
2705	6
2706	6
2707	6
2708	6
2709	6
2710	6
2711	6
2712	6
2713	6
2714	6
2715	6
2716	6
2717	6
2718	6
2719	6
2720	6
2721	6
2722	6
2723	6
2724	6
2725	6
2726	6
2727	6
2728	6
2729	6
2730	6
2731	6
2732	6
2733	6
2734	6
2735	6
2736	6
2737	6
2738	6
2739	6
2740	6
2741	6
2742	6
2743	6
2744	6
2745	6
2746	6
2747	6
2748	6
2749	6
2750	6
2751	7
2752	7
2753	7
2754	7
2755	7
2756	7
2757	7
2758	7
2759	7
2760	7
2761	7
2762	7
2763	7
2764	7
2765	7
2766	7
2767	7
2768	7
2769	7
2770	7
2771	7
2772	7
2773	7
2774	7
2775	7
2776	7
2777	7
2778	7
2779	7
2780	7
2781	7
2782	7
2783	7
2784	7
2785	7
2786	7
2787	7
2788	7
2789	7
2790	7
2791	7
2792	7
2793	7
2794	7
2795	7
2796	7
2797	7
2798	7
2799	7
2800	7
2801	7
2802	7
2803	7
2804	7
2805	7
2806	7
2807	7
2808	7
2809	7
2810	7
2811	7
2812	7
2813	7
2814	7
2815	7
2816	7
2817	7
2818	7
2819	7
2820	7
2821	7
2822	7
2823	7
2824	7
2825	7
2826	7
2827	7
2828	7
2829	7
2830	7
2831	7
2832	7
2833	7
2834	7
2835	7
2836	7
2837	7
2838	7
2839	7
2840	7
2841	7
2842	7
2843	7
2844	7
2845	7
2846	7
2847	7
2848	7
2849	7
2850	7
2851	7
2852	7
2853	7
2854	7
2855	7
2856	7
2857	7
2858	7
2859	7
2860	7
2861	7
2862	7
2863	7
2864	7
2865	7
2866	7
2867	7
2868	7
2869	7
2870	7
2871	7
2872	7
2873	7
2874	7
2875	7
2876	7
2877	7
2878	7
2879	7
2880	7
2881	7
2882	7
2883	7
2884	7
2885	7
2886	7
2887	7
2888	7
2889	7
2890	7
2891	7
2892	7
2893	7
2894	7
2895	7
2896	7
2897	7
2898	7
2899	7
2900	7
2901	7
2902	7
2903	7
2904	7
2905	7
2906	7
2907	7
2908	7
2909	7
2910	7
2911	7
2912	7
2913	7
2914	7
2915	7
2916	7
2917	7
2918	7
2919	7
2920	7
2921	7
2922	7
2923	7
2924	7
2925	7
2926	7
2927	7
2928	7
2929	7
2930	7
2931	7
2932	7
2933	7
2934	7
2935	7
2936	7
2937	7
2938	7
2939	7
2940	7
2941	7
2942	7
2943	7
2944	7
2945	7
2946	7
2947	7
2948	7
2949	7
2950	7
2951	7
2952	7
2953	7
2954	7
2955	7
2956	7
2957	7
2958	7
2959	7
2960	7
2961	7
2962	7
2963	7
2964	7
2965	7
2966	7
2967	7
2968	7
2969	7
2970	7
2971	7
2972	7
2973	7
2974	7
2975	7
2976	7
2977	7
2978	7
2979	7
2980	7
2981	7
2982	7
2983	7
2984	7
2985	7
2986	7
2987	7
2988	7
2989	7
2990	7
2991	7
2992	7
2993	7
2994	7
2995	7
2996	7
2997	7
2998	7
2999	7
3000	7
3001	7
3002	7
3003	7
3004	7
3005	7
3006	7
3007	7
3008	7
3009	7
3010	7
3011	7
3012	7
3013	7
3014	7
3015	7
3016	7
3017	7
3018	7
3019	7
3020	7
3021	7
3022	7
3023	7
3024	7
3025	7
3026	7
3027	7
3028	7
3029	7
3030	7
3031	7
3032	7
3033	7
3034	7
3035	7
3036	7
3037	7
3038	7
3039	7
3040	7
3041	7
3042	7
3043	7
3044	7
3045	7
3046	7
3047	7
3048	7
3049	7
3050	7
3051	7
3052	7
3053	7
3054	7
3055	7
3056	7
3057	7
3058	7
3059	7
3060	7
3061	7
3062	7
3063	7
3064	7
3065	7
3066	7
3067	7
3068	7
3069	7
3070	7
3071	7
3072	7
3073	7
3074	7
3075	7
3076	7
3077	7
3078	7
3079	7
3080	7
3081	7
3082	7
3083	7
3084	7
3085	7
3086	7
3087	7
3088	7
3089	7
3090	7
3091	7
3092	7
3093	7
3094	7
3095	7
3096	7
3097	7
3098	7
3099	7
3100	7
3101	7
3102	7
3103	7
3104	7
3105	7
3106	7
3107	7
3108	7
3109	7
3110	7
3111	7
3112	7
3113	7
3114	7
3115	7
3116	7
3117	7
3118	7
3119	7
3120	7
3121	7
3122	7
3123	7
3124	7
3125	7
3126	7
3127	7
3128	7
3129	7
3130	7
3131	7
3132	7
3133	7
3134	7
3135	7
3136	7
3137	7
3138	7
3139	7
3140	7
3141	7
3142	7
3143	7
3144	7
3145	7
3146	7
3147	7
3148	7
3149	7
3150	7
3151	7
3152	7
3153	7
3154	7
3155	7
3156	7
3157	7
3158	7
3159	7
3160	7
3161	7
3162	7
3163	7
3164	7
3165	7
3166	7
3167	7
3168	7
3169	7
3170	7
3171	7
3172	7
3173	7
3174	7
3175	7
3176	7
3177	7
3178	7
3179	7
3180	7
3181	7
3182	7
3183	7
3184	7
3185	7
3186	7
3187	7
3188	7
3189	7
3190	7
3191	7
3192	7
3193	7
3194	7
3195	7
3196	7
3197	7
3198	7
3199	7
3200	7
3201	7
3202	7
3203	7
3204	7
3205	7
3206	7
3207	7
3208	7
3209	7
3210	7
3211	7
3212	7
3213	7
3214	7
3215	7
3216	7
3217	7
3218	7
3219	7
3220	7
3221	7
3222	7
3223	7
3224	7
3225	7
3226	7
3227	7
3228	7
3229	7
3230	7
3231	7
3232	7
3233	7
3234	7
3235	7
3236	7
3237	7
3238	7
3239	7
3240	7
3241	7
3242	7
3243	7
3244	7
3245	7
3246	7
3247	7
3248	7
3249	7
3250	7
3251	7
3252	7
3253	7
3254	7
3255	7
3256	7
3257	7
3258	7
3259	7
3260	7
3261	7
3262	7
3263	7
3264	7
3265	7
3266	7
3267	7
3268	7
3269	7
3270	7
3271	7
3272	7
3273	7
3274	7
3275	7
3276	7
3277	7
3278	7
3279	7
3280	7
3281	7
3282	7
3283	7
3284	7
3285	7
3286	7
3287	7
3288	7
3289	7
3290	7
3291	7
3292	7
3293	7
3294	7
3295	7
3296	7
3297	7
3298	7
3299	7
3300	7
3301	7
3302	7
3303	7
3304	7
3305	7
3306	7
3307	7
3308	7
3309	7
3310	7
3311	7
3312	7
3313	7
3314	7
3315	7
3316	7
3317	7
3318	7
3319	7
3320	7
3321	7
3322	7
3323	7
3324	7
3325	7
3326	7
3327	7
3328	7
3329	7
3330	7
3331	7
3332	7
3333	7
3334	7
3335	7
3336	7
3337	7
3338	7
3339	7
3340	7
3341	7
3342	7
3343	7
3344	7
3345	7
3346	7
3347	7
3348	7
3349	7
3350	7
3351	7
3352	7
3353	7
3354	7
3355	7
3356	7
3357	7
3358	7
3359	7
3360	7
3361	7
3362	7
3363	7
3364	7
3365	7
3366	7
3367	7
3368	7
3369	7
3370	7
3371	7
3372	7
3373	7
3374	7
3375	7
3376	7
3377	7
3378	7
3379	7
3380	7
3381	7
3382	7
3383	7
3384	7
3385	7
3386	7
3387	7
3388	7
3389	7
3390	7
3391	7
3392	7
3393	7
3394	7
3395	7
3396	7
3397	7
3398	7
3399	7
3400	7
3401	7
3402	7
3403	7
3404	7
3405	7
3406	7
3407	7
3408	7
3409	7
3410	7
3411	7
3412	7
3413	7
3414	7
3415	7
3416	7
3417	7
3418	7
3419	7
3420	7
3421	7
3422	7
3423	7
3424	7
3425	7
3426	7
3427	7
3428	7
3429	7
3430	7
3431	7
3432	7
3433	7
3434	7
3435	7
3436	7
3437	7
3438	7
3439	7
3440	7
3441	7
3442	7
3443	7
3444	7
3445	7
3446	7
3447	7
3448	7
3449	7
3450	7
3451	7
3452	7
3453	7
3454	7
3455	7
3456	7
3457	7
3458	7
3459	7
3460	7
3461	7
3462	7
3463	7
3464	7
3465	7
3466	7
3467	7
3468	7
3469	7
3470	7
3471	7
3472	7
3473	7
3474	7
3475	7
3476	7
3477	7
3478	7
3479	7
3480	7
3481	7
3482	7
3483	7
3484	7
3485	7
3486	7
3487	7
3488	7
3489	7
3490	7
3491	7
3492	7
3493	7
3494	7
3495	7
3496	7
3497	7
3498	7
3499	7
3500	7
3501	7
3502	7
3503	7
3504	7
3505	7
3506	7
3507	7
3508	7
3509	7
3510	7
3511	7
3512	7
3513	7
3514	7
3515	7
3516	7
3517	7
3518	7
3519	7
3520	7
3521	7
3522	7
3523	7
3524	7
3525	7
3526	7
3527	7
3528	8
3529	8
3530	8
3531	8
3532	8
3533	8
3534	7
3535	7
3536	7
3537	7
3538	7
3539	7
3540	7
3541	7
3542	7
3543	7
3544	7
3545	7
3546	7
3547	7
3548	7
3549	7
3550	8
3551	8
3552	8
3553	8
3554	8
3555	8
3556	8
3557	8
3558	8
3559	8
3560	8
3561	8
3562	8
3563	8
3564	8
3565	8
3566	8
3567	8
3568	8
3569	8
3570	8
3571	8
3572	8
3573	8
3574	8
3575	8
3576	8
3577	8
3578	8
3579	8
3580	8
3581	8
3582	8
3583	8
3584	8
3585	8
3586	8
3587	8
3588	8
3589	8
3590	8
3591	8
3592	8
3593	8
3594	8
3595	8
3596	8
3597	8
3598	8
3599	8
3600	8
3601	8
3602	8
3603	8
3604	8
3605	8
3606	8
3607	8
3608	8
3609	8
3610	8
3611	8
3612	8
3613	8
3614	8
3615	8
3616	8
3617	8
3618	8
3619	8
3620	8
3621	8
3622	8
3623	8
3624	8
3625	8
3626	8
3627	8
3628	8
3629	8
3630	8
3631	8
3632	8
3633	8
3634	8
3635	8
3636	8
3637	8
3638	8
3639	8
3640	8
3641	8
3642	8
3643	8
3644	8
3645	8
3646	8
3647	8
3648	8
3649	8
3650	8
3651	8
3652	8
3653	8
3654	8
3655	8
3656	8
3657	8
3658	8
3659	8
3660	8
3661	8
3662	8
3663	8
3664	8
3665	8
3666	8
3667	8
3668	8
3669	8
3670	8
3671	8
3672	8
3673	8
3674	8
3675	8
3676	8
3677	8
3678	8
3679	8
3680	8
3681	8
3682	8
3683	8
3684	8
3685	8
3686	8
3687	8
3688	8
3689	8
3690	8
3691	8
3692	8
3693	8
3694	8
3695	8
3696	8
3697	8
3698	8
3699	8
3700	8
3701	8
3702	8
3703	8
3704	8
3705	8
3706	8
3707	8
3708	8
3709	8
3710	8
3711	8
3712	8
3713	8
3714	8
3715	8
3716	8
3717	8
3718	8
3719	8
3720	8
3721	8
3722	8
3723	8
3724	8
3725	8
3726	8
3727	8
3728	8
3729	8
3730	8
3731	8
3732	8
3733	8
3734	8
3735	8
3736	8
3737	8
3738	8
3739	8
3740	8
3741	8
3742	8
3743	8
3744	8
3745	8
3746	8
3747	8
3748	8
3749	8
3750	8
3751	8
3752	8
3753	8
3754	8
3755	8
3756	8
3757	8
3758	8
3759	8
3760	8
3761	8
3762	8
3763	8
3764	8
3765	8
3766	8
3767	8
3768	8
3769	8
3770	8
3771	8
3772	8
3773	8
3774	8
3775	8
3776	8
3777	8
3778	8
3779	8
3780	8
3781	8
3782	8
3783	8
3784	8
3785	8
3786	8
3787	8
3788	8
3789	8
3790	8
3791	8
3792	8
3793	8
3794	8
3795	8
3796	8
3797	8
3798	8
3799	8
3800	8
3801	8
3802	8
3803	8
3804	8
3805	8
3806	8
3807	8
3808	8
3809	8
3810	8
3811	8
3812	8
3813	8
3814	8
3815	8
3816	8
3817	8
3818	8
3819	8
3820	8
3821	8
3822	8
3823	8
3824	8
3825	8
3826	8
3827	8
3828	8
3829	8
3830	8
3831	8
3832	8
3833	8
3834	8
3835	8
3836	8
3837	8
3838	8
3839	8
3840	8
3841	8
3842	8
3843	8
3844	8
3845	8
3846	8
3847	8
3848	8
3849	8
3850	8
3851	8
3852	8
3853	8
3854	8
3855	8
3856	8
3857	8
3858	8
3859	8
3860	8
3861	8
3862	8
3863	8
3864	8
3865	8
3866	8
3867	8
3868	8
3869	8
3870	8
3871	8
3872	8
3873	8
3874	8
3875	8
3876	8
3877	8
3878	8
3879	8
3880	8
3881	8
3882	8
3883	8
3884	8
3885	8
3886	8
3887	8
3888	8
3889	8
3890	8
3891	8
3892	8
3893	8
3894	8
3895	8
3896	8
3897	8
3898	8
3899	8
3900	8
3901	8
3902	8
3903	8
3904	8
3905	8
3906	8
3907	8
3908	8
3909	8
3910	8
3911	8
3912	8
3913	8
3914	8
3915	8
3916	8
3917	8
3918	8
3919	8
3920	8
3921	8
3922	8
3923	8
3924	8
3925	8
3926	8
3927	8
3928	8
3929	8
3930	8
3931	8
3932	8
3933	8
3934	8
3935	8
3936	8
3937	8
3938	8
3939	8
3940	8
3941	8
3942	8
3943	8
3944	8
3945	8
3946	8
3947	8
3948	8
3949	8
3950	8
3951	8
3952	8
3953	8
3954	8
3955	8
3956	8
3957	8
3958	8
3959	8
3960	8
3961	8
3962	8
3963	8
3964	8
3965	8
3966	8
3967	8
3968	8
3969	8
3970	8
3971	8
3972	8
3973	8
3974	8
3975	8
3976	8
3977	8
3978	8
3979	8
3980	8
3981	8
3982	8
3983	8
3984	8
3985	8
3986	8
3987	8
3988	8
3989	8
3990	8
3991	8
3992	8
3993	8
3994	8
3995	8
3996	8
3997	8
3998	8
3999	8
4000	8
4001	8
4002	8
4003	8
4004	8
4005	8
4006	8
4007	8
4008	8
4009	8
4010	8
4011	8
4012	8
4013	8
4014	8
4015	8
4016	8
4017	8
4018	8
4019	8
4020	8
4021	8
4022	9
4023	9
4024	9
4025	9
4026	9
4027	9
4028	9
4029	9
4030	9
4031	9
4032	9
4033	8
4034	8
4035	8
4036	8
4037	8
4038	8
4039	8
4040	8
4041	8
4042	8
4043	8
4044	8
4045	8
4046	8
4047	8
4048	8
4049	8
4050	8
4051	8
4052	8
4053	8
4054	8
4055	8
4056	8
4057	8
4058	8
4059	8
4060	8
4061	8
4062	8
4063	8
4064	8
4065	8
4066	8
4067	8
4068	8
4069	8
4070	8
4071	8
4072	8
4073	8
4074	8
4075	8
4076	8
4077	8
4078	8
4079	8
4080	8
4081	8
4082	8
4083	8
4084	8
4085	8
4086	9
4087	8
4088	8
4089	8
4090	8
4091	8
4092	8
4093	8
4094	8
4095	8
4096	8
4097	8
4098	8
4099	8
4100	8
4101	8
4102	8
4103	8
4104	8
4105	8
4106	8
4107	8
4108	8
4109	8
4110	8
4111	8
4112	8
4113	8
4114	8
4115	8
4116	8
4117	8
4118	8
4119	8
4120	8
4121	8
4122	8
4123	8
4124	8
4125	8
4126	8
4127	8
4128	8
4129	8
4130	8
4131	8
4132	8
4133	8
4134	8
4135	8
4136	8
4137	8
4138	8
4139	8
4140	8
4141	8
4142	8
4143	8
4144	8
4145	8
4146	8
4147	8
4148	8
4149	8
4150	8
4151	8
4152	8
4153	8
4154	8
4155	8
4156	8
4157	8
4158	8
4159	8
4160	8
4161	8
4162	8
4163	8
4164	8
4165	8
4166	8
4167	8
4168	8
4169	8
4170	8
4171	8
4172	8
4173	8
4174	8
4175	8
4176	8
4177	8
4178	8
4179	8
4180	8
4181	8
4182	8
4183	8
4184	8
4185	8
4186	8
4187	8
4188	8
4189	8
4190	8
4191	8
4192	8
4193	8
4194	8
4195	8
4196	8
4197	8
4198	8
4199	8
4200	8
4201	8
4202	8
4203	8
4204	8
4205	8
4206	8
4207	8
4208	8
4209	8
4210	8
4211	8
4212	8
4213	8
4214	8
4215	8
4216	8
4217	8
4218	8
4219	8
4220	8
4221	8
4222	8
4223	8
4224	8
4225	8
4226	8
4227	8
4228	8
4229	9
4230	9
4231	9
4232	9
4233	9
4234	8
4235	8
4236	8
4237	8
4238	8
4239	8
4240	8
4241	8
4242	8
4243	8
4244	8
4245	8
4246	8
4247	8
4248	8
4249	8
4250	8
4251	8
4252	8
4253	8
4254	8
4255	8
4256	8
4257	8
4258	8
4259	8
4260	8
4261	8
4262	8
4263	8
4264	8
4265	8
4266	8
4267	8
4268	8
4269	8
4270	8
4271	8
4272	8
4273	8
4274	8
4275	8
4276	8
4277	8
4278	8
4279	8
4280	8
4281	8
4282	8
4283	8
4284	8
4285	8
4286	8
4287	8
4288	8
4289	8
4290	8
4291	8
4292	8
4293	8
4294	8
4295	8
4296	8
4297	8
4298	8
4299	8
4300	8
4301	8
4302	8
4303	8
4304	8
4305	8
4306	8
4307	8
4308	8
4309	8
4310	8
4311	8
4312	8
4313	8
4314	8
4315	8
4316	8
4317	8
4318	8
4319	8
4320	8
4321	8
4322	8
4323	8
4324	8
4325	8
4326	8
4327	8
4328	8
4329	8
4330	8
4331	8
4332	8
4333	8
4334	8
4335	8
4336	8
4337	8
4338	8
4339	8
4340	8
4341	8
4342	8
4343	8
4344	8
4345	8
4346	8
4347	8
4348	8
4349	8
4350	8
4351	8
4352	8
4353	8
4354	8
4355	8
4356	8
4357	8
4358	8
4359	8
4360	8
4361	8
4362	8
4363	8
4364	8
4365	8
4366	8
4367	8
4368	8
4369	8
4370	8
4371	8
4372	8
4373	8
4374	8
4375	8
4376	8
4377	8
4378	8
4379	8
4380	8
4381	8
4382	8
4383	8
4384	8
4385	8
4386	8
4387	8
4388	8
4389	8
4390	8
4391	8
4392	8
4393	8
4394	8
4395	8
4396	8
4397	8
4398	8
4399	8
4400	8
4401	8
4402	8
4403	8
4404	8
4405	8
4406	8
4407	8
4408	8
4409	8
4410	8
4411	8
4412	8
4413	8
4414	8
4415	8
4416	8
4417	8
4418	8
4419	8
4420	8
4421	8
4422	8
4423	8
4424	8
4425	8
4426	8
4427	8
4428	8
4429	8
4430	8
4431	8
4432	8
4433	8
4434	8
4435	8
4436	8
4437	8
4438	8
4439	8
4440	8
4441	8
4442	8
4443	8
4444	8
4445	8
4446	8
4447	8
4448	8
4449	8
4450	8
4451	8
4452	8
4453	8
4454	8
4455	8
4456	8
4457	8
4458	8
4459	8
4460	8
4461	8
4462	8
4463	8
4464	8
4465	8
4466	8
4467	8
4468	8
4469	8
4470	8
4471	8
4472	8
4473	8
4474	8
4475	8
4476	8
4477	8
4478	8
4479	8
4480	8
4481	8
4482	8
4483	8
4484	8
4485	8
4486	8
4487	8
4488	8
4489	8
4490	8
4491	8
4492	8
4493	8
4494	8
4495	8
4496	8
4497	8
4498	8
4499	8
4500	8
4501	8
4502	8
4503	8
4504	8
4505	8
4506	8
4507	8
4508	8
4509	8
4510	8
4511	8
4512	8
4513	8
4514	8
4515	8
4516	8
4517	8
4518	8
4519	8
4520	8
4521	8
4522	8
4523	8
4524	8
4525	8
4526	8
4527	8
4528	8
4529	8
4530	8
4531	8
4532	8
4533	8
4534	8
4535	8
4536	8
4537	8
4538	8
4539	8
4540	8
4541	8
4542	8
4543	8
4544	8
4545	8
4546	8
4547	8
4548	8
4549	8
4550	8
4551	8
4552	8
4553	8
4554	8
4555	8
4556	8
4557	8
4558	8
4559	8
4560	8
4561	8
4562	8
4563	8
4564	8
4565	8
4566	8
4567	8
4568	8
4569	8
4570	8
4571	8
4572	8
4573	8
4574	8
4575	8
4576	8
4577	8
4578	8
4579	8
4580	8
4581	8
4582	8
4583	8
4584	8
4585	8
4586	8
4587	8
4588	8
4589	8
4590	8
4591	8
4592	8
4593	8
4594	8
4595	8
4596	8
4597	8
4598	8
4599	8
4600	8
4601	8
4602	8
4603	8
4604	8
4605	8
4606	8
4607	8
4608	8
4609	8
4610	8
4611	8
4612	8
4613	8
4614	8
4615	8
4616	8
4617	8
4618	8
4619	8
4620	8
4621	8
4622	8
4623	8
4624	8
4625	8
4626	8
4627	8
4628	8
4629	8
4630	8
4631	8
4632	8
4633	8
4634	8
4635	8
4636	8
4637	8
4638	8
4639	8
4640	8
4641	8
4642	8
4643	8
4644	8
4645	8
4646	8
4647	8
4648	8
4649	8
4650	8
4651	8
4652	8
4653	8
4654	8
4655	8
4656	8
4657	8
4658	8
4659	8
4660	8
4661	8
4662	8
4663	8
4664	8
4665	8
4666	8
4667	8
4668	8
4669	8
4670	8
4671	8
4672	8
4673	8
4674	8
4675	8
4676	8
4677	8
4678	8
4679	8
4680	8
4681	8
4682	8
4683	8
4684	8
4685	8
4686	8
4687	8
4688	8
4689	8
4690	8
4691	8
4692	8
4693	8
4694	8
4695	8
4696	8
4697	8
4698	8
4699	8
4700	8
4701	8
4702	8
4703	8
4704	9
4705	9
4706	9
4707	9
4708	9
4709	9
4710	9
4711	9
4712	9
4713	9
4714	9
4715	9
4716	9
4717	9
4718	9
4719	9
4720	9
4721	9
4722	9
4723	9
4724	9
4725	9
4726	9
4727	9
4728	9
4729	9
4730	9
4731	9
4732	9
4733	9
4734	9
4735	9
4736	9
4737	9
4738	9
4739	9
4740	9
4741	9
4742	9
4743	9
4744	9
4745	9
4746	9
4747	9
4748	9
4749	9
4750	9
4751	9
4752	9
4753	9
4754	9
4755	9
4756	9
4757	9
4758	9
4759	9
4760	9
4761	9
4762	9
4763	9
4764	9
4765	9
4766	9
4767	9
4768	9
4769	9
4770	10
4771	10
4772	10
4773	10
4774	10
4775	10
4776	10
4777	10
4778	10
4779	9
4780	9
4781	9
4782	9
4783	9
4784	9
4785	9
4786	9
4787	9
4788	9
4789	9
4790	9
4791	9
4792	9
4793	9
4794	9
4795	9
4796	9
4797	9
4798	9
4799	9
4800	9
4801	9
4802	9
4803	9
4804	9
4805	9
4806	9
4807	9
4808	9
4809	9
4810	9
4811	9
4812	9
4813	9
4814	9
4815	9
4816	9
4817	9
4818	9
4819	9
4820	9
4821	9
4822	9
4823	9
4824	9
4825	9
4826	9
4827	9
4828	9
4829	9
4830	9
4831	9
4832	9
4833	9
4834	9
4835	9
4836	9
4837	9
4838	9
4839	9
4840	9
4841	9
4842	9
4843	9
4844	9
4845	9
4846	9
4847	9
4848	9
4849	9
4850	9
4851	9
4852	9
4853	9
4854	9
4855	9
4856	9
4857	9
4858	9
4859	9
4860	9
4861	9
4862	9
4863	9
4864	9
4865	9
4866	9
4867	9
4868	9
4869	9
4870	9
4871	9
4872	9
4873	9
4874	9
4875	9
4876	9
4877	9
4878	9
4879	9
4880	9
4881	9
4882	9
4883	9
4884	9
4885	9
4886	9
4887	9
4888	9
4889	9
4890	9
4891	9
4892	9
4893	9
4894	9
4895	9
4896	9
4897	9
4898	9
4899	9
4900	9
4901	9
4902	9
4903	9
4904	9
4905	9
4906	9
4907	9
4908	9
4909	9
4910	9
4911	9
4912	9
4913	9
4914	9
4915	9
4916	9
4917	9
4918	9
4919	9
4920	9
4921	9
4922	9
4923	9
4924	9
4925	9
4926	9
4927	9
4928	9
4929	9
4930	9
4931	9
4932	9
4933	9
4934	9
4935	9
4936	9
4937	9
4938	9
4939	9
4940	9
4941	9
4942	9
4943	9
4944	9
4945	9
4946	9
4947	9
4948	9
4949	9
4950	9
4951	9
4952	9
4953	9
4954	9
4955	9
4956	9
4957	9
4958	9
4959	9
4960	9
4961	9
4962	9
4963	9
4964	9
4965	9
4966	9
4967	9
4968	9
4969	9
4970	9
4971	9
4972	9
4973	9
4974	9
4975	9
4976	9
4977	9
4978	9
4979	9
4980	9
4981	9
4982	9
4983	9
4984	9
4985	9
4986	9
4987	9
4988	9
4989	9
4990	9
4991	9
4992	9
4993	9
4994	9
4995	9
4996	9
4997	9
4998	9
4999	9
5000	9
5001	9
5002	9
5003	9
5004	9
5005	9
5006	9
5007	9
5008	9
5009	9
5010	9
5011	9
5012	9
5013	9
5014	9
5015	9
5016	9
5017	9
5018	9
5019	9
5020	9
5021	9
5022	9
5023	9
5024	9
5025	9
5026	9
5027	9
5028	9
5029	9
5030	9
5031	9
5032	9
5033	9
5034	9
5035	9
5036	9
5037	9
5038	9
5039	9
5040	9
5041	9
5042	9
5043	9
5044	9
5045	9
5046	9
5047	9
5048	9
5049	9
5050	9
5051	9
5052	9
5053	9
5054	9
5055	9
5056	9
5057	9
5058	9
5059	9
5060	9
5061	9
5062	9
5063	9
5064	9
5065	9
5066	9
5067	9
5068	9
5069	9
5070	9
5071	9
5072	9
5073	9
5074	9
5075	9
5076	9
5077	9
5078	9
5079	9
5080	9
5081	9
5082	9
5083	9
5084	9
5085	9
5086	9
5087	9
5088	9
5089	9
5090	9
5091	9
5092	9
5093	9
5094	9
5095	9
5096	9
5097	9
5098	9
5099	9
5100	9
5101	9
5102	9
5103	9
5104	9
5105	9
5106	9
5107	9
5108	9
5109	9
5110	9
5111	9
5112	9
5113	9
5114	9
5115	9
5116	9
5117	9
5118	9
5119	9
5120	9
5121	9
5122	9
5123	9
5124	9
5125	9
5126	9
5127	9
5128	9
5129	9
5130	9
5131	9
5132	9
5133	9
5134	9
5135	9
5136	9
5137	9
5138	9
5139	9
5140	9
5141	9
5142	9
5143	9
5144	9
5145	9
5146	9
5147	9
5148	9
5149	9
5150	9
5151	9
5152	9
5153	9
5154	9
5155	9
5156	9
5157	9
5158	9
5159	9
5160	9
5161	9
5162	9
5163	9
5164	9
5165	9
5166	9
5167	9
5168	9
5169	9
5170	9
5171	9
5172	9
5173	9
5174	9
5175	9
5176	9
5177	9
5178	9
5179	9
5180	9
5181	9
5182	9
5183	9
5184	9
5185	9
5186	9
5187	9
5188	9
5189	9
5190	9
5191	9
5192	9
5193	9
5194	9
5195	9
5196	9
5197	9
5198	9
5199	9
5200	9
5201	9
5202	9
5203	9
5204	9
5205	9
5206	9
5207	9
5208	9
5209	9
5210	9
5211	9
5212	9
5213	9
5214	9
5215	9
5216	9
5217	9
5218	9
5219	9
5220	9
5221	9
5222	9
5223	9
5224	9
5225	9
5226	9
5227	9
5228	9
5229	9
5230	9
5231	9
5232	9
5233	9
5234	9
5235	9
5236	9
5237	9
5238	9
5239	9
5240	9
5241	9
5242	9
5243	9
5244	9
5245	9
5246	9
5247	9
5248	9
5249	9
5250	9
5251	9
5252	9
5253	9
5254	9
5255	9
5256	9
5257	9
5258	9
5259	9
5260	9
5261	9
5262	9
5263	9
5264	9
5265	9
5266	10
5267	10
5268	10
5269	9
5270	9
5271	9
5272	9
5273	9
5274	9
5275	9
5276	9
5277	9
5278	9
5279	9
5280	9
5281	9
5282	9
5283	9
5284	9
5285	9
5286	9
5287	9
5288	9
5289	9
5290	9
5291	9
5292	9
5293	9
5294	9
5295	9
5296	9
5297	9
5298	9
5299	9
5300	9
5301	9
5302	9
5303	9
5304	9
5305	9
5306	9
5307	9
5308	9
5309	9
5310	9
5311	9
5312	9
5313	9
5314	9
5315	9
5316	9
5317	9
5318	9
5319	9
5320	9
5321	9
5322	9
5323	9
5324	9
5325	9
5326	9
5327	9
5328	9
5329	9
5330	9
5331	9
5332	9
5333	9
5334	9
5335	9
5336	9
5337	9
5338	9
5339	9
5340	9
5341	9
5342	9
5343	9
5344	9
5345	9
5346	9
5347	9
5348	10
5349	10
5350	10
5351	10
5352	10
5353	10
5354	10
5355	10
5356	10
5357	10
5358	10
5359	10
5360	10
5361	10
5362	10
5363	10
5364	10
5365	10
5366	10
5367	10
5368	10
5369	10
5370	10
5371	10
5372	10
5373	10
5374	10
5375	10
5376	10
5377	10
5378	10
5379	10
5380	10
5381	9
5382	9
5383	9
5384	9
5385	9
5386	9
5387	9
5388	9
5389	9
5390	9
5391	9
5392	9
5393	9
5394	9
5395	9
5396	9
5397	9
5398	9
5399	9
5400	9
5401	9
5402	9
5403	9
5404	9
5405	9
5406	9
5407	9
5408	9
5409	9
5410	9
5411	9
5412	9
5413	9
5414	9
5415	9
5416	9
5417	9
5418	9
5419	9
5420	9
5421	9
5422	9
5423	9
5424	9
5425	9
5426	9
5427	9
5428	9
5429	9
5430	9
5431	9
5432	9
5433	9
5434	9
5435	9
5436	9
5437	9
5438	9
5439	9
5440	9
5441	9
5442	9
5443	9
5444	9
5445	9
5446	9
5447	9
5448	9
5449	9
5450	9
5451	9
5452	9
5453	10
5454	10
5455	10
5456	10
5457	10
5458	10
5459	10
5460	10
5461	10
5462	10
5463	10
5464	10
5465	10
5466	10
5467	10
5468	10
5469	10
5470	10
5471	10
5472	10
5473	10
5474	10
5475	10
5476	10
5477	10
5478	10
5479	10
5480	10
5481	10
5482	10
5483	10
5484	10
5485	10
5486	10
5487	10
5488	10
5489	10
5490	10
5491	9
5492	9
5493	9
5494	9
5495	9
5496	9
5497	9
5498	9
5499	9
5500	9
5501	9
5502	9
5503	9
5504	9
5505	9
5506	9
5507	10
5508	10
5509	10
5510	10
5511	10
5512	10
5513	10
5514	10
5515	10
5516	10
5517	10
5518	10
5519	10
5520	10
5521	10
5522	10
5523	10
5524	10
5525	10
5526	10
5527	10
5528	10
5529	10
5530	10
5531	10
5532	10
5533	10
5534	10
5535	10
5536	10
5537	9
5538	9
5539	9
5540	9
5541	9
5542	9
5543	9
5544	9
5545	9
5546	9
5547	9
5548	9
5549	9
5550	9
5551	9
5552	9
5553	9
5554	9
5555	9
5556	9
5557	9
5558	9
5559	9
5560	9
5561	9
5562	9
5563	9
5564	9
5565	9
5566	9
5567	9
5568	9
5569	9
5570	9
5571	9
5572	9
5573	9
5574	9
5575	9
5576	9
5577	9
5578	9
5579	9
5580	9
5581	9
5582	9
5583	9
5584	9
5585	9
5586	9
5587	9
5588	9
5589	9
5590	9
5591	9
5592	9
5593	9
5594	9
5595	9
5596	9
5597	9
5598	9
5599	9
5600	9
5601	9
5602	9
5603	9
5604	9
5605	9
5606	9
5607	9
5608	9
5609	9
5610	9
5611	9
5612	9
5613	9
5614	9
5615	9
5616	9
5617	9
5618	9
5619	9
5620	9
5621	9
5622	9
5623	9
5624	9
5625	9
5626	9
5627	9
5628	9
5629	9
5630	9
5631	9
5632	9
5633	9
5634	9
5635	9
5636	9
5637	9
5638	9
5639	9
5640	9
5641	9
5642	9
5643	9
5644	9
5645	9
5646	9
5647	9
5648	9
5649	9
5650	9
5651	9
5652	9
5653	9
5654	9
5655	9
5656	9
5657	9
5658	9
5659	9
5660	9
5661	9
5662	9
5663	9
5664	9
5665	9
5666	9
5667	9
5668	9
5669	9
5670	9
5671	9
5672	9
5673	9
5674	9
5675	9
5676	9
5677	9
5678	9
5679	9
5680	9
5681	9
5682	9
5683	9
5684	9
5685	9
5686	9
5687	9
5688	9
5689	9
5690	9
5691	9
5692	9
5693	9
5694	9
5695	9
5696	9
5697	9
5698	9
5699	9
5700	9
5701	9
5702	9
5703	9
5704	9
5705	9
5706	9
5707	9
5708	9
5709	9
5710	9
5711	9
5712	9
5713	9
5714	9
5715	9
5716	9
5717	9
5718	9
5719	9
5720	9
5721	9
5722	9
5723	9
5724	9
5725	9
5726	9
5727	9
5728	9
5729	9
5730	9
5731	9
5732	9
5733	9
5734	9
5735	9
5736	9
5737	9
5738	9
5739	9
5740	9
5741	9
5742	9
5743	9
5744	9
5745	9
5746	10
5747	10
5748	10
5749	9
5750	9
5751	9
5752	9
5753	9
5754	9
5755	9
5756	9
5757	9
5758	9
5759	9
5760	9
5761	9
5762	9
5763	9
5764	9
5765	9
5766	9
5767	9
5768	9
5769	9
5770	9
5771	9
5772	9
5773	9
5774	9
5775	9
5776	9
5777	9
5778	9
5779	9
5780	9
5781	9
5782	9
5783	9
5784	9
5785	9
5786	9
5787	9
5788	9
5789	9
5790	9
5791	9
5792	9
5793	9
5794	9
5795	9
5796	9
5797	9
5798	9
5799	9
5800	9
5801	9
5802	9
5803	9
5804	9
5805	9
5806	9
5807	9
5808	9
5809	9
5810	9
5811	9
5812	9
5813	9
5814	9
5815	9
5816	9
5817	9
5818	9
5819	9
5820	9
5821	9
5822	9
5823	9
5824	9
5825	9
5826	9
5827	9
5828	9
5829	10
5830	10
5831	10
5832	10
5833	10
5834	10
5835	10
5836	10
5837	10
5838	10
5839	10
5840	10
5841	9
5842	9
5843	9
5844	9
5845	9
5846	9
5847	9
5848	9
5849	9
5850	9
5851	9
5852	9
5853	9
5854	9
5855	9
5856	9
5857	9
5858	9
5859	9
5860	9
5861	9
5862	9
5863	9
5864	9
5865	9
5866	9
5867	9
5868	9
5869	9
5870	9
5871	9
5872	9
5873	9
5874	9
5875	9
5876	9
5877	9
5878	9
5879	9
5880	9
5881	9
5882	9
5883	9
5884	9
5885	9
5886	9
5887	9
5888	9
5889	9
5890	9
5891	9
5892	9
5893	9
5894	9
5895	9
5896	9
5897	9
5898	9
5899	9
5900	9
5901	9
5902	9
5903	9
5904	9
5905	9
5906	9
5907	9
5908	9
5909	9
5910	9
5911	9
5912	9
5913	9
5914	9
5915	9
5916	9
5917	9
5918	9
5919	9
5920	9
5921	9
5922	9
5923	9
5924	9
5925	9
5926	9
5927	9
5928	9
5929	9
5930	9
5931	9
5932	9
5933	9
5934	9
5935	9
5936	9
5937	9
5938	9
5939	9
5940	9
5941	9
5942	9
5943	9
5944	9
5945	9
5946	9
5947	9
5948	9
5949	9
5950	9
5951	9
5952	9
5953	9
5954	9
5955	9
5956	9
5957	9
5958	9
5959	9
5960	9
5961	9
5962	9
5963	9
5964	9
5965	9
5966	9
5967	9
5968	9
5969	9
5970	9
5971	9
5972	9
5973	9
5974	9
5975	9
5976	9
5977	9
5978	9
5979	9
5980	9
5981	9
5982	9
5983	9
5984	9
5985	9
5986	9
5987	9
5988	9
5989	9
5990	9
5991	9
5992	9
5993	9
5994	9
5995	9
5996	9
5997	9
5998	9
5999	9
6000	9
6001	9
6002	9
6003	9
6004	9
6005	9
6006	9
6007	9
6008	9
6009	9
6010	9
6011	9
6012	9
6013	9
6014	9
6015	9
6016	9
6017	9
6018	9
6019	9
6020	9
6021	9
6022	9
6023	9
6024	9
6025	9
6026	9
6027	9
6028	9
6029	9
6030	9
6031	9
6032	9
6033	9
6034	9
6035	9
6036	9
6037	9
6038	9
6039	9
6040	9
6041	9
6042	9
6043	9
6044	9
6045	9
6046	9
6047	9
6048	9
6049	9
6050	9
6051	9
6052	9
6053	9
6054	9
6055	9
6056	9
6057	9
6058	9
6059	9
6060	9
6061	9
6062	9
6063	9
6064	9
6065	9
6066	9
6067	9
6068	9
6069	9
6070	9
6071	9
6072	9
6073	9
6074	9
6075	9
6076	9
6077	9
6078	9
6079	9
6080	9
6081	9
6082	9
6083	9
6084	9
6085	9
6086	9
6087	9
6088	9
6089	9
6090	9
6091	9
6092	9
6093	9
6094	9
6095	9
6096	9
6097	9
6098	9
6099	9
6100	9
6101	9
6102	9
6103	9
6104	9
6105	9
6106	9
6107	9
6108	9
6109	9
6110	9
6111	9
6112	9
6113	9
6114	9
6115	9
6116	9
6117	9
6118	9
6119	9
6120	9
6121	9
6122	9
6123	9
6124	9
6125	9
6126	9
6127	9
6128	9
6129	9
6130	9
6131	9
6132	9
6133	9
6134	9
6135	9
6136	9
6137	9
6138	9
6139	9
6140	9
6141	9
6142	9
6143	9
6144	9
6145	9
6146	9
6147	9
6148	9
6149	9
6150	9
6151	9
6152	9
6153	9
6154	9
6155	9
6156	9
6157	9
6158	9
6159	9
6160	9
6161	9
6162	9
6163	9
6164	9
6165	9
6166	9
6167	9
6168	9
6169	9
6170	9
6171	9
6172	9
6173	9
6174	9
6175	9
6176	9
6177	9
6178	9
6179	9
6180	9
6181	9
6182	9
6183	9
6184	9
6185	9
6186	9
6187	9
6188	9
6189	9
6190	9
6191	9
6192	9
6193	9
6194	9
6195	9
6196	9
6197	9
6198	9
6199	9
6200	9
6201	9
6202	9
6203	9
6204	9
6205	9
6206	9
6207	9
6208	9
6209	9
6210	9
6211	9
6212	9
6213	9
6214	9
6215	9
6216	9
6217	9
6218	9
6219	9
6220	9
6221	9
6222	9
6223	9
6224	9
6225	9
6226	9
6227	9
6228	9
6229	9
6230	9
6231	9
6232	9
6233	9
6234	9
6235	9
6236	9
6237	9
6238	9
6239	9
6240	9
6241	9
6242	9
6243	9
6244	9
6245	9
6246	9
6247	9
6248	9
6249	9
6250	9
6251	9
6252	9
6253	9
6254	9
6255	9
6256	9
6257	9
6258	9
6259	9
6260	9
6261	9
6262	9
6263	9
6264	9
6265	9
6266	9
6267	9
6268	9
6269	9
6270	9
6271	9
6272	9
6273	9
6274	9
6275	9
6276	9
6277	9
6278	9
6279	9
6280	9
6281	9
6282	9
6283	9
6284	9
6285	9
6286	9
6287	9
6288	9
6289	9
6290	9
6291	9
6292	9
6293	9
6294	9
6295	9
6296	9
6297	9
6298	9
6299	9
6300	9
6301	9
6302	9
6303	9
6304	9
6305	9
6306	9
6307	9
6308	9
6309	9
6310	9
6311	9
6312	9
6313	9
6314	9
6315	9
6316	9
6317	9
6318	9
6319	9
6320	9
6321	9
6322	9
6323	9
6324	9
6325	9
6326	9
6327	9
6328	9
6329	9
6330	9
6331	9
6332	9
6333	9
6334	9
6335	9
6336	9
6337	9
6338	9
6339	9
6340	9
6341	9
6342	9
6343	9
6344	9
6345	9
6346	9
6347	9
6348	9
6349	9
6350	9
6351	9
6352	9
6353	10
6354	9
6355	9
6356	9
6357	9
6358	9
6359	9
6360	9
6361	9
6362	9
6363	9
6364	9
6365	9
6366	9
6367	9
6368	9
6369	9
6370	9
6371	9
6372	9
6373	9
6374	9
6375	9
6376	9
6377	9
6378	9
6379	9
6380	9
6381	9
6382	9
6383	9
6384	9
6385	9
6386	9
6387	9
6388	9
6389	9
6390	9
6391	9
6392	9
6393	9
6394	9
6395	9
6396	9
6397	9
6398	9
6399	9
6400	9
6401	9
6402	9
6403	9
6404	9
6405	9
6406	9
6407	9
6408	9
6409	9
6410	9
6411	9
6412	9
6413	9
6414	9
6415	9
6416	9
6417	9
6418	9
6419	9
6420	9
6421	9
6422	9
6423	9
6424	9
6425	9
6426	9
6427	9
6428	9
6429	9
6430	9
6431	9
6432	9
6433	9
6434	9
6435	9
6436	9
6437	9
6438	9
6439	9
6440	9
6441	9
6442	9
6443	9
6444	9
6445	9
6446	9
6447	9
6448	9
6449	9
6450	9
6451	9
6452	9
6453	9
6454	9
6455	9
6456	9
6457	9
6458	9
6459	9
6460	9
6461	9
6462	9
6463	9
6464	9
6465	9
6466	9
6467	9
6468	9
6469	9
6470	9
6471	9
6472	9
6473	9
6474	9
6475	9
6476	9
6477	9
6478	9
6479	9
6480	9
6481	9
6482	9
6483	9
6484	9
6485	9
6486	9
6487	9
6488	9
6489	9
6490	9
6491	9
6492	9
6493	9
6494	9
6495	9
6496	9
6497	9
6498	9
6499	9
6500	9
6501	9
6502	9
6503	9
6504	9
6505	9
6506	9
6507	9
6508	9
6509	9
6510	9
6511	9
6512	9
6513	9
6514	9
6515	9
6516	9
6517	9
6518	9
6519	9
6520	9
6521	9
6522	9
6523	9
6524	9
6525	9
6526	9
6527	9
6528	9
6529	9
6530	9
6531	9
6532	9
6533	9
6534	9
6535	9
6536	9
6537	9
6538	9
6539	9
6540	9
6541	9
6542	9
6543	9
6544	9
6545	9
6546	9
6547	9
6548	9
6549	9
6550	9
6551	9
6552	9
6553	9
6554	9
6555	9
6556	9
6557	9
6558	9
6559	9
6560	9
6561	9
6562	9
6563	9
6564	9
6565	9
6566	9
6567	9
6568	9
6569	9
6570	9
6571	9
6572	9
6573	9
6574	9
6575	9
6576	9
6577	9
6578	9
6579	9
6580	9
6581	9
6582	9
6583	9
6584	9
6585	9
6586	9
6587	9
6588	9
6589	9
6590	9
6591	9
6592	9
6593	9
6594	9
6595	9
6596	9
6597	9
6598	9
6599	9
6600	9
6601	9
6602	9
6603	9
6604	9
6605	9
6606	9
6607	9
6608	9
6609	9
6610	9
6611	9
6612	9
6613	9
6614	9
6615	9
6616	9
6617	9
6618	9
6619	9
6620	9
6621	9
6622	9
6623	9
6624	9
6625	9
6626	9
6627	9
6628	9
6629	9
6630	9
6631	9
6632	9
6633	9
6634	9
6635	9
6636	9
6637	9
6638	9
6639	9
6640	9
6641	9
6642	9
6643	9
6644	9
6645	9
6646	9
6647	9
6648	9
6649	9
6650	9
6651	9
6652	9
6653	9
6654	9
6655	9
6656	9
6657	9
6658	9
6659	9
6660	9
6661	9
6662	9
6663	9
6664	9
6665	9
6666	9
6667	9
6668	9
6669	9
6670	9
6671	9
6672	9
6673	9
6674	9
6675	9
6676	9
6677	9
6678	9
6679	9
6680	9
6681	9
6682	9
6683	9
6684	9
6685	9
6686	9
6687	9
6688	9
6689	9
6690	9
6691	9
6692	9
6693	9
6694	9
6695	9
6696	9
6697	9
6698	9
6699	9
6700	9
6701	9
6702	9
6703	9
6704	9
6705	9
6706	9
6707	9
6708	9
6709	9
6710	9
6711	9
6712	9
6713	9
6714	9
6715	9
6716	9
6717	9
6718	9
6719	9
6720	9
6721	9
6722	9
6723	9
6724	9
6725	9
6726	9
6727	9
6728	9
6729	9
6730	9
6731	9
6732	9
6733	9
6734	9
6735	9
6736	9
6737	9
6738	9
6739	9
6740	9
6741	9
6742	9
6743	9
6744	9
6745	9
6746	9
6747	9
6748	9
6749	9
6750	9
6751	9
6752	9
6753	9
6754	9
6755	9
6756	9
6757	9
6758	9
6759	9
6760	9
6761	9
6762	9
6763	9
6764	9
6765	9
6766	9
6767	9
6768	9
6769	9
6770	9
6771	9
6772	9
6773	9
6774	9
6775	9
6776	9
6777	9
6778	9
6779	9
6780	9
6781	9
6782	9
6783	9
6784	9
6785	9
6786	9
6787	9
6788	9
6789	9
6790	10
6791	9
6792	9
6793	9
6794	9
6795	9
6796	9
6797	9
6798	9
6799	9
6800	9
6801	9
6802	9
6803	9
6804	9
6805	9
6806	9
6807	9
6808	9
6809	9
6810	9
6811	9
6812	9
6813	9
6814	9
6815	9
6816	9
6817	9
6818	9
6819	9
6820	9
6821	9
6822	9
6823	9
6824	9
6825	9
6826	9
6827	9
6828	9
6829	9
6830	9
6831	9
6832	9
6833	9
6834	9
6835	9
6836	9
6837	9
6838	9
6839	9
6840	9
6841	9
6842	9
6843	9
6844	9
6845	9
6846	9
6847	9
6848	9
6849	9
6850	9
6851	9
6852	9
6853	9
6854	9
6855	9
6856	9
6857	9
6858	9
6859	9
6860	9
6861	9
6862	9
6863	9
6864	9
6865	9
6866	9
6867	9
6868	9
6869	9
6870	9
6871	9
6872	9
6873	9
6874	9
6875	9
6876	9
6877	9
6878	9
6879	9
6880	9
6881	9
6882	9
6883	9
6884	9
6885	9
6886	9
6887	9
6888	9
6889	9
6890	9
6891	9
6892	9
6893	9
6894	9
6895	9
6896	9
6897	9
6898	9
6899	9
6900	9
6901	9
6902	9
6903	10
6904	10
6905	10
6906	10
6907	10
6908	10
6909	10
6910	10
6911	10
6912	9
6913	9
6914	9
6915	9
6916	9
6917	9
6918	9
6919	9
6920	9
6921	9
6922	9
6923	9
6924	9
6925	9
6926	9
6927	9
6928	9
6929	9
6930	9
6931	9
6932	9
6933	9
6934	9
6935	9
6936	9
6937	9
6938	9
6939	9
6940	9
6941	9
6942	9
6943	9
6944	9
6945	9
6946	9
6947	9
6948	9
6949	9
6950	9
6951	9
6952	9
6953	9
6954	9
6955	9
6956	9
6957	9
6958	9
6959	9
6960	9
6961	9
6962	9
6963	9
6964	9
6965	9
6966	9
6967	9
6968	9
6969	9
6970	9
6971	9
6972	9
6973	9
6974	9
6975	9
6976	9
6977	9
6978	9
6979	9
6980	9
6981	9
6982	9
6983	9
6984	9
6985	9
6986	9
6987	9
6988	9
6989	9
6990	9
6991	9
6992	9
6993	9
6994	9
6995	9
6996	9
6997	9
6998	9
6999	9
7000	9
7001	9
7002	9
7003	9
7004	9
7005	9
7006	9
7007	9
7008	9
7009	9
7010	9
7011	9
7012	9
7013	9
7014	9
7015	9
7016	9
7017	9
7018	9
7019	9
7020	9
7021	9
7022	9
7023	9
7024	9
7025	9
7026	9
7027	9
7028	9
7029	9
7030	9
7031	9
7032	9
7033	9
7034	9
7035	9
7036	9
7037	9
7038	9
7039	9
7040	9
7041	9
7042	9
7043	9
7044	9
7045	9
7046	9
7047	9
7048	9
7049	9
7050	9
7051	9
7052	9
7053	9
7054	9
7055	9
7056	9
7057	9
7058	9
7059	9
7060	9
7061	9
7062	9
7063	9
7064	9
7065	9
7066	9
7067	9
7068	9
7069	9
7070	9
7071	9
7072	9
7073	9
7074	9
7075	9
7076	9
7077	9
7078	9
7079	9
7080	9
7081	9
7082	9
7083	9
7084	9
7085	9
7086	9
7087	9
7088	9
7089	9
7090	9
7091	9
7092	9
7093	9
7094	9
7095	9
7096	9
7097	9
7098	9
7099	9
7100	9
7101	9
7102	9
7103	9
7104	9
7105	9
7106	9
7107	9
7108	9
7109	9
7110	9
7111	9
7112	9
7113	9
7114	9
7115	9
7116	9
7117	9
7118	9
7119	9
7120	9
7121	9
7122	9
7123	9
7124	9
7125	9
7126	9
7127	9
7128	9
7129	9
7130	9
7131	9
7132	9
7133	9
7134	9
7135	9
7136	9
7137	9
7138	9
7139	9
7140	9
7141	9
7142	9
7143	9
7144	9
7145	9
7146	9
7147	9
7148	9
7149	9
7150	9
7151	9
7152	9
7153	9
7154	9
7155	9
7156	9
7157	9
7158	9
7159	9
7160	9
7161	9
7162	9
7163	9
7164	9
7165	9
7166	9
7167	9
7168	9
7169	9
7170	9
7171	9
7172	9
7173	9
7174	9
7175	9
7176	9
7177	9
7178	9
7179	9
7180	9
7181	9
7182	9
7183	9
7184	9
7185	9
7186	9
7187	9
7188	9
7189	9
7190	9
7191	9
7192	9
7193	9
7194	9
7195	9
7196	9
7197	9
7198	9
7199	9
7200	9
7201	9
7202	9
7203	9
7204	9
7205	9
7206	9
7207	9
7208	9
7209	9
7210	9
7211	9
7212	9
7213	9
7214	9
7215	9
7216	9
7217	9
7218	9
7219	9
7220	9
7221	9
7222	9
7223	9
7224	9
7225	9
7226	9
7227	9
7228	9
7229	9
7230	9
7231	9
7232	9
7233	9
7234	9
7235	9
7236	9
7237	9
7238	9
7239	9
7240	9
7241	9
7242	9
7243	9
7244	9
7245	9
7246	9
7247	9
7248	9
7249	9
7250	9
7251	9
7252	9
7253	9
7254	9
7255	9
7256	9
7257	9
7258	9
7259	9
7260	9
7261	9
7262	9
7263	9
7264	9
7265	9
7266	9
7267	9
7268	9
7269	9
7270	9
7271	9
7272	9
7273	9
7274	9
7275	9
7276	9
7277	9
7278	9
7279	9
7280	9
7281	9
7282	9
7283	9
7284	9
7285	9
7286	9
7287	9
7288	9
7289	9
7290	9
7291	9
7292	9
7293	9
7294	9
7295	9
7296	9
7297	9
7298	9
7299	9
7300	9
7301	9
7302	9
7303	9
7304	9
7305	9
7306	9
7307	9
7308	9
7309	9
7310	9
7311	9
7312	9
7313	9
7314	9
7315	9
7316	9
7317	9
7318	9
7319	9
7320	9
7321	9
7322	9
7323	9
7324	9
7325	9
7326	9
7327	9
7328	9
7329	10
7330	10
7331	10
7332	10
7333	10
7334	10
7335	10
7336	10
7337	10
7338	10
7339	10
7340	10
7341	9
7342	9
7343	9
7344	9
7345	9
7346	9
7347	9
7348	9
7349	9
7350	9
7351	9
7352	9
7353	9
7354	9
7355	9
7356	9
7357	9
7358	9
7359	9
7360	9
7361	9
7362	9
7363	9
7364	9
7365	9
7366	9
7367	9
7368	9
7369	9
7370	9
7371	9
7372	9
7373	9
7374	9
7375	9
7376	9
7377	9
7378	9
7379	9
7380	9
7381	9
7382	9
7383	9
7384	9
7385	9
7386	9
7387	9
7388	9
7389	9
7390	9
7391	9
7392	9
7393	9
7394	9
7395	9
7396	9
7397	9
7398	9
7399	9
7400	9
7401	9
7402	9
7403	9
7404	9
7405	9
7406	9
7407	9
7408	9
7409	9
7410	9
7411	9
7412	9
7413	9
7414	9
7415	9
7416	9
7417	9
7418	9
7419	9
7420	9
7421	9
7422	9
7423	9
7424	9
7425	9
7426	9
7427	9
7428	9
7429	9
7430	9
7431	9
7432	9
7433	9
7434	9
7435	9
7436	9
7437	9
7438	9
7439	9
7440	9
7441	9
7442	9
7443	9
7444	9
7445	9
7446	9
7447	9
7448	9
7449	9
7450	9
7451	9
7452	9
7453	9
7454	9
7455	9
7456	9
7457	9
7458	9
7459	9
7460	9
7461	9
7462	9
7463	9
7464	9
7465	9
7466	9
7467	9
7468	9
7469	9
7470	9
7471	9
7472	9
7473	9
7474	9
7475	9
7476	9
7477	9
7478	9
7479	9
7480	9
7481	9
7482	9
7483	9
7484	9
7485	9
7486	9
7487	9
7488	9
7489	9
7490	9
7491	9
7492	9
7493	9
7494	9
7495	9
7496	9
7497	10
7498	10
7499	9
7500	9
7501	9
7502	9
7503	9
7504	9
7505	9
7506	9
7507	9
7508	9
7509	9
7510	9
7511	9
7512	9
7513	9
7514	9
7515	9
7516	9
7517	9
7518	9
7519	9
7520	9
7521	9
7522	9
7523	9
7524	9
7525	9
7526	9
7527	9
7528	9
7529	9
7530	9
7531	9
7532	9
7533	9
7534	9
7535	9
7536	9
7537	9
7538	9
7539	9
7540	9
7541	9
7542	9
7543	9
7544	9
7545	9
7546	9
7547	9
7548	9
7549	9
7550	9
7551	9
7552	9
7553	9
7554	9
7555	9
7556	9
7557	9
7558	9
7559	9
7560	10
7561	9
7562	9
7563	9
7564	9
7565	9
7566	9
7567	9
7568	9
7569	9
7570	9
7571	9
7572	9
7573	9
7574	9
7575	9
7576	9
7577	9
7578	9
7579	9
7580	9
7581	9
7582	9
7583	9
7584	9
7585	9
7586	9
7587	9
7588	9
7589	9
7590	9
7591	9
7592	9
7593	9
7594	9
7595	9
7596	9
7597	9
7598	9
7599	9
7600	9
7601	9
7602	9
7603	9
7604	9
7605	9
7606	9
7607	9
7608	9
7609	9
7610	9
7611	9
7612	9
7613	9
7614	9
7615	9
7616	9
7617	9
7618	9
7619	9
7620	9
7621	9
7622	9
7623	9
7624	9
7625	9
7626	9
7627	9
7628	9
7629	9
7630	9
7631	9
7632	9
7633	9
7634	9
7635	9
7636	9
7637	9
7638	9
7639	9
7640	9
7641	9
7642	9
7643	9
7644	9
7645	9
7646	9
7647	9
7648	9
7649	9
7650	9
7651	9
7652	9
7653	9
7654	9
7655	9
7656	9
7657	9
7658	9
7659	9
7660	9
7661	9
7662	9
7663	9
7664	9
7665	9
7666	9
7667	9
7668	9
7669	9
7670	9
7671	9
7672	9
7673	9
7674	9
7675	9
7676	9
7677	9
7678	9
7679	9
7680	9
7681	9
7682	9
7683	9
7684	9
7685	9
7686	9
7687	9
7688	9
7689	9
7690	9
7691	9
7692	9
7693	9
7694	9
7695	9
7696	9
7697	9
7698	9
7699	9
7700	9
7701	9
7702	9
7703	9
7704	9
7705	9
7706	9
7707	9
7708	9
7709	9
7710	9
7711	9
7712	9
7713	9
7714	9
7715	9
7716	9
7717	9
7718	9
7719	9
7720	9
7721	9
7722	9
7723	9
7724	9
7725	9
7726	9
7727	9
7728	9
7729	9
7730	9
7731	9
7732	9
7733	9
7734	9
7735	9
7736	9
7737	9
7738	9
7739	9
7740	9
7741	9
7742	9
7743	9
7744	9
7745	9
7746	9
7747	9
7748	9
7749	9
7750	9
7751	9
7752	9
7753	9
7754	9
7755	9
7756	9
7757	9
7758	9
7759	9
7760	9
7761	9
7762	9
7763	9
7764	9
7765	9
7766	9
7767	9
7768	9
7769	9
7770	9
7771	9
7772	9
7773	9
7774	9
7775	9
7776	9
7777	9
7778	9
7779	9
7780	9
7781	9
7782	9
7783	9
7784	9
7785	9
7786	9
7787	9
7788	9
7789	9
7790	9
7791	9
7792	9
7793	9
7794	9
7795	9
7796	9
7797	9
7798	9
7799	9
7800	9
7801	9
7802	9
7803	9
7804	9
7805	9
7806	9
7807	9
7808	9
7809	9
7810	9
7811	9
7812	9
7813	9
7814	9
7815	9
7816	9
7817	9
7818	9
7819	9
7820	9
7821	9
7822	9
7823	9
7824	9
7825	9
7826	9
7827	9
7828	9
7829	9
7830	9
7831	9
7832	9
7833	9
7834	9
7835	9
7836	9
7837	9
7838	9
7839	9
7840	9
7841	9
7842	9
7843	9
7844	9
7845	9
7846	9
7847	9
7848	9
7849	9
7850	9
7851	9
7852	9
7853	9
7854	9
7855	9
7856	9
7857	9
7858	9
7859	9
7860	9
7861	9
7862	9
7863	9
7864	9
7865	9
7866	9
7867	9
7868	9
7869	9
7870	9
7871	9
7872	9
7873	9
7874	9
7875	9
7876	9
7877	9
7878	9
7879	9
7880	9
7881	9
7882	9
7883	9
7884	9
7885	9
7886	9
7887	9
7888	9
7889	9
7890	9
7891	9
7892	9
7893	9
7894	9
7895	9
7896	9
7897	9
7898	9
7899	9
7900	9
7901	9
7902	9
7903	9
7904	9
7905	9
7906	9
7907	9
7908	9
7909	9
7910	9
7911	9
7912	9
7913	9
7914	10
7915	10
7916	10
7917	10
7918	10
7919	10
7920	10
7921	10
7922	10
7923	10
7924	10
7925	10
7926	10
7927	10
7928	9
7929	9
7930	9
7931	9
7932	9
7933	9
7934	9
7935	9
7936	9
7937	9
7938	9
7939	9
7940	9
7941	9
7942	9
7943	9
7944	9
7945	9
7946	9
7947	9
7948	9
7949	9
7950	9
7951	9
7952	9
7953	9
7954	9
7955	9
7956	9
7957	9
7958	9
7959	9
7960	9
7961	9
7962	9
7963	9
7964	9
7965	9
7966	9
7967	9
7968	9
7969	9
7970	9
7971	9
7972	9
7973	9
7974	9
7975	9
7976	9
7977	9
7978	9
7979	9
7980	9
7981	9
7982	9
7983	9
7984	9
7985	9
7986	9
7987	9
7988	9
7989	9
7990	9
7991	9
7992	9
7993	9
7994	9
7995	9
7996	9
7997	9
7998	9
7999	9
8000	9
8001	9
8002	9
8003	9
8004	9
8005	9
8006	9
8007	9
8008	9
8009	9
8010	9
8011	9
8012	9
8013	9
8014	9
8015	9
8016	9
8017	9
8018	9
8019	9
8020	9
8021	9
8022	9
8023	9
8024	9
8025	9
8026	9
8027	9
8028	9
8029	9
8030	9
8031	9
8032	9
8033	9
8034	9
8035	9
8036	9
8037	9
8038	9
8039	9
8040	9
8041	9
8042	9
8043	9
8044	9
8045	9
8046	9
8047	9
8048	9
8049	9
8050	9
8051	9
8052	9
8053	9
8054	9
8055	9
8056	9
8057	9
8058	9
8059	9
8060	9
8061	9
8062	9
8063	9
8064	9
8065	9
8066	9
8067	9
8068	9
8069	9
8070	9
8071	9
8072	9
8073	9
8074	9
8075	9
8076	9
8077	9
8078	9
8079	9
8080	9
8081	9
8082	9
8083	9
8084	9
8085	9
8086	9
8087	9
8088	9
8089	9
8090	9
8091	9
8092	9
8093	9
8094	9
8095	9
8096	9
8097	9
8098	9
8099	9
8100	9
8101	9
8102	9
8103	9
8104	9
8105	9
8106	9
8107	9
8108	9
8109	9
8110	9
8111	9
8112	9
8113	9
8114	9
8115	9
8116	9
8117	9
8118	9
8119	9
8120	9
8121	9
8122	9
8123	9
8124	9
8125	9
8126	9
8127	9
8128	9
8129	9
8130	9
8131	9
8132	9
8133	9
8134	9
8135	9
8136	9
8137	9
8138	9
8139	9
8140	9
8141	9
8142	9
8143	9
8144	9
8145	9
8146	9
8147	9
8148	9
8149	9
8150	9
8151	9
8152	9
8153	9
8154	9
8155	9
8156	9
8157	9
8158	9
8159	9
8160	9
8161	9
8162	9
8163	9
8164	9
8165	9
8166	9
8167	9
8168	9
8169	9
8170	9
8171	9
8172	9
8173	9
8174	9
8175	9
8176	9
8177	9
8178	9
8179	9
8180	9
8181	9
8182	9
8183	9
8184	9
8185	9
8186	9
8187	9
8188	9
8189	9
8190	9
8191	9
8192	9
8193	9
8194	9
8195	9
8196	9
8197	9
8198	9
8199	9
8200	9
8201	9
8202	9
8203	9
8204	9
8205	9
8206	9
8207	9
8208	9
8209	9
8210	9
8211	9
8212	9
8213	9
8214	9
8215	9
8216	9
8217	9
8218	9
8219	9
8220	9
8221	9
8222	9
8223	9
8224	9
8225	9
8226	9
8227	9
8228	9
8229	9
8230	9
8231	9
8232	9
8233	9
8234	9
8235	9
8236	9
8237	9
8238	9
8239	9
8240	9
8241	9
8242	9
8243	9
8244	9
8245	9
8246	9
8247	9
8248	9
8249	9
8250	9
8251	9
8252	9
8253	9
8254	9
8255	9
8256	9
8257	9
8258	9
8259	9
8260	9
8261	9
8262	9
8263	9
8264	9
8265	9
8266	9
8267	9
8268	9
8269	9
8270	9
8271	9
8272	9
8273	9
8274	9
8275	9
8276	9
8277	9
8278	9
8279	9
8280	9
8281	9
8282	9
8283	9
8284	9
8285	9
8286	9
8287	9
8288	9
8289	9
8290	9
8291	9
8292	9
8293	9
8294	9
8295	9
8296	9
8297	9
8298	9
8299	9
8300	9
8301	9
8302	9
8303	9
8304	9
8305	9
8306	9
8307	9
8308	9
8309	9
8310	9
8311	9
8312	9
8313	9
8314	9
8315	9
8316	9
8317	9
8318	9
8319	9
8320	9
8321	9
8322	9
8323	9
8324	9
8325	9
8326	9
8327	9
8328	9
8329	9
8330	9
8331	9
8332	9
8333	9
8334	9
8335	9
8336	9
8337	9
8338	9
8339	9
8340	9
8341	9
8342	9
8343	9
8344	9
8345	9
8346	9
8347	9
8348	9
8349	9
8350	9
8351	9
8352	9
8353	9
8354	9
8355	9
8356	9
8357	9
8358	9
8359	10
8360	9
8361	9
8362	9
8363	9
8364	9
8365	9
8366	9
8367	9
8368	9
8369	9
8370	9
8371	9
8372	9
8373	9
8374	9
8375	9
8376	9
8377	9
8378	9
8379	9
8380	9
8381	9
8382	9
8383	9
8384	9
8385	9
8386	9
8387	9
8388	9
8389	9
8390	9
8391	9
8392	9
8393	9
8394	9
8395	9
8396	9
8397	9
8398	9
8399	9
8400	9
8401	9
8402	9
8403	9
8404	9
8405	9
8406	9
8407	9
8408	9
8409	9
8410	9
8411	9
8412	9
8413	9
8414	9
8415	9
8416	9
8417	9
8418	9
8419	9
8420	9
8421	9
8422	9
8423	9
8424	9
8425	9
8426	9
8427	9
8428	9
8429	9
8430	9
8431	9
8432	9
8433	9
8434	9
8435	9
8436	9
8437	9
8438	9
8439	9
8440	9
8441	9
8442	9
8443	9
8444	9
8445	9
8446	9
8447	9
8448	9
8449	9
8450	9
8451	9
8452	9
8453	9
8454	9
8455	9
8456	9
8457	9
8458	9
8459	9
8460	9
8461	9
8462	9
8463	9
8464	9
8465	9
8466	9
8467	9
8468	9
8469	9
8470	9
8471	9
8472	9
8473	9
8474	9
8475	9
8476	9
8477	9
8478	9
8479	9
8480	9
8481	9
8482	9
8483	9
8484	9
8485	9
8486	9
8487	9
8488	9
8489	9
8490	9
8491	9
8492	9
8493	9
8494	9
8495	9
8496	9
8497	9
8498	9
8499	9
8500	9
8501	9
8502	9
8503	9
8504	9
8505	9
8506	9
8507	9
8508	9
8509	9
8510	9
8511	9
8512	9
8513	9
8514	9
8515	9
8516	9
8517	9
8518	9
8519	9
8520	9
8521	9
8522	9
8523	9
8524	9
8525	9
8526	9
8527	9
8528	9
8529	9
8530	9
8531	9
8532	9
8533	9
8534	9
8535	9
8536	9
8537	9
8538	9
8539	9
8540	9
8541	9
8542	9
8543	9
8544	9
8545	9
8546	9
8547	9
8548	9
8549	9
8550	9
8551	9
8552	9
8553	9
8554	9
8555	9
8556	9
8557	9
8558	9
8559	9
8560	9
8561	9
8562	9
8563	9
8564	9
8565	9
8566	9
8567	9
8568	9
8569	9
8570	9
8571	9
8572	9
8573	9
8574	9
8575	9
8576	9
8577	9
8578	9
8579	9
8580	9
8581	9
8582	9
8583	9
8584	9
8585	9
8586	9
8587	9
8588	9
8589	9
8590	9
8591	9
8592	9
8593	9
8594	9
8595	9
8596	9
8597	9
8598	9
8599	9
8600	9
8601	9
8602	9
8603	9
8604	9
8605	9
8606	9
8607	9
8608	9
8609	9
8610	9
8611	9
8612	9
8613	9
8614	9
8615	9
8616	9
8617	9
8618	9
8619	9
8620	9
8621	9
8622	9
8623	9
8624	9
8625	9
8626	9
8627	9
8628	9
8629	9
8630	9
8631	9
8632	9
8633	9
8634	9
8635	9
8636	9
8637	9
8638	9
8639	9
8640	9
8641	9
8642	9
8643	9
8644	9
8645	9
8646	9
8647	9
8648	9
8649	9
8650	9
8651	9
8652	9
8653	9
8654	9
8655	9
8656	9
8657	9
8658	9
8659	9
8660	9
8661	9
8662	9
8663	9
8664	9
8665	9
8666	9
8667	9
8668	9
8669	9
8670	9
8671	9
8672	9
8673	9
8674	9
8675	9
8676	9
8677	9
8678	9
8679	9
8680	9
8681	9
8682	9
8683	9
8684	9
8685	9
8686	9
8687	9
8688	9
8689	9
8690	9
8691	9
8692	9
8693	9
8694	9
8695	9
8696	9
8697	9
8698	9
8699	9
8700	9
8701	9
8702	9
8703	9
8704	9
8705	9
8706	9
8707	9
8708	9
8709	9
8710	9
8711	9
8712	9
8713	9
8714	9
8715	9
8716	9
8717	9
8718	9
8719	9
8720	9
8721	9
8722	9
8723	9
8724	9
8725	9
8726	9
8727	9
8728	9
8729	9
8730	9
8731	9
8732	9
8733	9
8734	9
8735	9
8736	9
8737	9
8738	9
8739	9
8740	9
8741	9
8742	9
8743	9
8744	9
8745	9
8746	9
8747	9
8748	9
8749	9
8750	9
8751	9
8752	9
8753	9
8754	9
8755	9
8756	9
8757	9
8758	9
8759	9
8760	9
8761	9
8762	9
8763	9
8764	9
8765	9
8766	9
8767	9
8768	9
8769	9
8770	9
8771	9
8772	9
8773	9
8774	9
8775	9
8776	9
8777	9
8778	9
8779	9
8780	9
8781	9
8782	10
8783	10
8784	10
8785	10
8786	10
8787	10
8788	10
8789	10
8790	10
8791	10
8792	10
8793	10
8794	10
8795	10
8796	9
8797	9
8798	9
8799	9
8800	9
8801	9
8802	9
8803	9
8804	9
8805	9
8806	9
8807	9
8808	9
8809	9
8810	9
8811	9
8812	9
8813	9
8814	9
8815	9
8816	9
8817	9
8818	9
8819	9
8820	9
8821	9
8822	9
8823	9
8824	9
8825	9
8826	9
8827	9
8828	9
8829	9
8830	9
8831	9
8832	9
8833	9
8834	9
8835	9
8836	9
8837	9
8838	9
8839	9
8840	9
8841	9
8842	9
8843	9
8844	9
8845	9
8846	9
8847	9
8848	9
8849	9
8850	9
8851	9
8852	9
8853	9
8854	9
8855	9
8856	9
8857	9
8858	9
8859	9
8860	9
8861	9
8862	9
8863	9
8864	9
8865	9
8866	9
8867	9
8868	9
8869	9
8870	9
8871	9
8872	9
8873	9
8874	9
8875	9
8876	9
8877	9
8878	9
8879	9
8880	9
8881	9
8882	9
8883	9
8884	9
8885	9
8886	9
8887	9
8888	9
8889	9
8890	9
8891	9
8892	9
8893	9
8894	9
8895	9
8896	9
8897	9
8898	9
8899	9
8900	9
8901	9
8902	9
8903	9
8904	9
8905	9
8906	9
8907	9
8908	9
8909	9
8910	9
8911	9
8912	9
8913	9
8914	9
8915	9
8916	9
8917	9
8918	9
8919	9
8920	9
8921	9
8922	9
8923	9
8924	9
8925	9
8926	9
8927	9
8928	9
8929	9
8930	9
8931	9
8932	9
8933	9
8934	9
8935	9
8936	9
8937	9
8938	9
8939	9
8940	9
8941	9
8942	9
8943	9
8944	9
8945	9
8946	9
8947	9
8948	9
8949	9
8950	9
8951	9
8952	9
8953	9
8954	9
8955	9
8956	9
8957	9
8958	9
8959	9
8960	9
8961	9
8962	9
8963	9
8964	9
8965	9
8966	9
8967	9
8968	9
8969	9
8970	9
8971	9
8972	9
8973	9
8974	9
8975	9
8976	9
8977	9
8978	9
8979	9
8980	9
8981	9
8982	9
8983	9
8984	9
8985	9
8986	9
8987	9
8988	9
8989	9
8990	10
8991	9
8992	9
8993	9
8994	9
8995	9
8996	9
8997	9
8998	9
8999	9
9000	9
9001	9
9002	9
9003	9
9004	9
9005	9
9006	9
9007	9
9008	9
9009	9
9010	9
9011	9
9012	9
9013	9
9014	9
9015	9
9016	9
9017	9
9018	9
9019	9
9020	9
9021	9
9022	9
9023	9
9024	9
9025	9
9026	9
9027	9
9028	9
9029	9
9030	9
9031	9
9032	9
9033	9
9034	9
9035	9
9036	9
9037	9
9038	9
9039	9
9040	9
9041	9
9042	9
9043	9
9044	9
9045	9
9046	9
9047	9
9048	9
9049	9
9050	9
9051	9
9052	9
9053	9
9054	9
9055	9
9056	9
9057	9
9058	9
9059	9
9060	9
9061	9
9062	9
9063	9
9064	9
9065	9
9066	9
9067	9
9068	9
9069	9
9070	9
9071	9
9072	9
9073	9
9074	9
9075	9
9076	9
9077	9
9078	9
9079	9
9080	9
9081	9
9082	9
9083	9
9084	9
9085	9
9086	9
9087	9
9088	9
9089	9
9090	9
9091	9
9092	9
9093	9
9094	9
9095	9
9096	9
9097	9
9098	9
9099	9
9100	9
9101	9
9102	9
9103	9
9104	9
9105	9
9106	9
9107	9
9108	9
9109	9
9110	9
9111	9
9112	9
9113	9
9114	9
9115	9
9116	9
9117	9
9118	9
9119	9
9120	9
9121	9
9122	9
9123	9
9124	9
9125	9
9126	9
9127	9
9128	9
9129	9
9130	9
9131	9
9132	9
9133	9
9134	9
9135	9
9136	9
9137	9
9138	9
9139	9
9140	9
9141	9
9142	9
9143	9
9144	9
9145	9
9146	9
9147	9
9148	9
9149	9
9150	9
9151	9
9152	9
9153	9
9154	9
9155	9
9156	9
9157	9
9158	9
9159	9
9160	9
9161	9
9162	9
9163	9
9164	9
9165	9
9166	9
9167	9
9168	9
9169	9
9170	9
9171	9
9172	9
9173	9
9174	9
9175	9
9176	9
9177	9
9178	9
9179	9
9180	9
9181	9
9182	9
9183	9
9184	9
9185	9
9186	9
9187	9
9188	9
9189	9
9190	9
9191	9
9192	9
9193	9
9194	9
9195	9
9196	9
9197	9
9198	9
9199	9
9200	9
9201	9
9202	9
9203	9
9204	9
9205	9
9206	9
9207	9
9208	9
9209	9
9210	9
9211	9
9212	9
9213	9
9214	9
9215	9
9216	9
9217	9
9218	9
9219	9
9220	9
9221	9
9222	9
9223	9
9224	9
9225	9
9226	9
9227	9
9228	9
9229	9
9230	9
9231	9
9232	9
9233	9
9234	9
9235	9
9236	9
9237	9
9238	9
9239	9
9240	9
9241	9
9242	9
9243	9
9244	9
9245	9
9246	9
9247	9
9248	9
9249	9
9250	9
9251	9
9252	9
9253	9
9254	9
9255	9
9256	9
9257	9
9258	9
9259	9
9260	9
9261	9
9262	9
9263	9
9264	9
9265	9
9266	9
9267	9
9268	9
9269	9
9270	9
9271	9
9272	9
9273	9
9274	9
9275	9
9276	9
9277	9
9278	9
9279	9
9280	9
9281	9
9282	9
9283	9
9284	9
9285	9
9286	9
9287	9
9288	9
9289	9
9290	9
9291	9
9292	9
9293	9
9294	9
9295	9
9296	9
9297	9
9298	9
9299	9
9300	9
9301	9
9302	9
9303	9
9304	9
9305	9
9306	9
9307	9
9308	9
9309	9
9310	9
9311	9
9312	9
9313	9
9314	9
9315	9
9316	9
9317	9
9318	9
9319	9
9320	9
9321	9
9322	9
9323	9
9324	9
9325	9
9326	9
9327	9
9328	9
9329	9
9330	9
9331	9
9332	9
9333	9
9334	9
9335	9
9336	9
9337	9
9338	9
9339	9
9340	9
9341	9
9342	9
9343	9
9344	9
9345	9
9346	9
9347	9
9348	9
9349	9
9350	9
9351	9
9352	9
9353	9
9354	9
9355	9
9356	9
9357	9
9358	9
9359	9
9360	10
9361	10
9362	9
9363	9
9364	9
9365	9
9366	9
9367	9
9368	9
9369	9
9370	9
9371	9
9372	9
9373	10
9374	10
9375	10
9376	10
9377	10
9378	10
9379	10
9380	10
9381	10
9382	10
9383	10
9384	10
9385	10
9386	10
9387	10
9388	10
9389	10
9390	10
9391	10
9392	10
9393	10
9394	10
9395	10
9396	10
9397	10
9398	10
9399	10
9400	10
9401	10
9402	10
9403	10
9404	10
9405	10
9406	10
9407	10
9408	10
9409	10
9410	11
9411	11
9412	11
9413	11
9414	11
9415	11
9416	11
9417	10
9418	10
9419	10
9420	10
9421	10
9422	10
9423	10
9424	10
9425	10
9426	10
9427	10
9428	10
9429	10
9430	10
9431	10
9432	10
9433	10
9434	10
9435	10
9436	10
9437	10
9438	10
9439	10
9440	10
9441	10
9442	10
9443	10
9444	10
9445	10
9446	10
9447	10
9448	10
9449	10
9450	10
9451	10
9452	10
9453	10
9454	10
9455	10
9456	10
9457	10
9458	10
9459	10
9460	10
9461	10
9462	10
9463	10
9464	10
9465	10
9466	10
9467	10
9468	10
9469	10
9470	10
9471	10
9472	10
9473	10
9474	10
9475	10
9476	10
9477	10
9478	10
9479	10
9480	10
9481	10
9482	10
9483	10
9484	10
9485	10
9486	10
9487	10
9488	10
9489	10
9490	10
9491	10
9492	10
9493	10
9494	10
9495	10
9496	10
9497	10
9498	10
9499	10
9500	10
9501	10
9502	10
9503	10
9504	10
9505	10
9506	10
9507	10
9508	10
9509	10
9510	10
9511	10
9512	10
9513	10
9514	10
9515	10
9516	10
9517	10
9518	10
9519	10
9520	10
9521	10
9522	10
9523	10
9524	10
9525	10
9526	10
9527	10
9528	10
9529	10
9530	10
9531	10
9532	10
9533	10
9534	10
9535	10
9536	10
9537	10
9538	10
9539	10
9540	10
9541	10
9542	10
9543	10
9544	10
9545	10
9546	10
9547	10
9548	10
9549	10
9550	10
9551	10
9552	10
9553	10
9554	10
9555	10
9556	10
9557	10
9558	10
9559	10
9560	10
9561	10
9562	10
9563	10
9564	10
9565	10
9566	10
9567	10
9568	10
9569	10
9570	10
9571	10
9572	10
9573	10
9574	10
9575	10
9576	10
9577	10
9578	10
9579	10
9580	10
9581	10
9582	10
9583	10
9584	10
9585	10
9586	10
9587	10
9588	10
9589	10
9590	10
9591	10
9592	10
9593	10
9594	10
9595	10
9596	10
9597	10
9598	10
9599	10
9600	10
9601	10
9602	10
9603	10
9604	10
9605	10
9606	10
9607	10
9608	10
9609	10
9610	10
9611	10
9612	10
9613	10
9614	10
9615	10
9616	10
9617	10
9618	10
9619	10
9620	10
9621	10
9622	10
9623	10
9624	10
9625	10
9626	10
9627	10
9628	10
9629	10
9630	10
9631	10
9632	10
9633	10
9634	10
9635	10
9636	10
9637	10
9638	10
9639	10
9640	10
9641	10
9642	10
9643	10
9644	10
9645	10
9646	10
9647	10
9648	10
9649	10
9650	10
9651	10
9652	10
9653	10
9654	10
9655	10
9656	10
9657	10
9658	10
9659	10
9660	10
9661	10
9662	10
9663	10
9664	10
9665	10
9666	10
9667	10
9668	10
9669	10
9670	10
9671	10
9672	10
9673	10
9674	10
9675	10
9676	10
9677	10
9678	10
9679	10
9680	10
9681	10
9682	10
9683	10
9684	10
9685	10
9686	10
9687	10
9688	10
9689	10
9690	10
9691	10
9692	10
9693	10
9694	10
9695	10
9696	10
9697	10
9698	10
9699	10
9700	10
9701	10
9702	10
9703	10
9704	10
9705	10
9706	10
9707	10
9708	10
9709	10
9710	10
9711	10
9712	10
9713	10
9714	10
9715	10
9716	10
9717	10
9718	10
9719	10
9720	10
9721	10
9722	10
9723	10
9724	10
9725	10
9726	10
9727	10
9728	10
9729	10
9730	10
9731	10
9732	10
9733	10
9734	10
9735	10
9736	10
9737	10
9738	10
9739	10
9740	10
9741	10
9742	10
9743	10
9744	10
9745	10
9746	10
9747	10
9748	10
9749	10
9750	10
9751	10
9752	10
9753	10
9754	10
9755	10
9756	10
9757	10
9758	10
9759	10
9760	10
9761	10
9762	10
9763	10
9764	10
9765	10
9766	10
9767	10
9768	10
9769	10
9770	10
9771	10
9772	10
9773	10
9774	10
9775	10
9776	10
9777	10
9778	10
9779	10
9780	10
9781	10
9782	10
9783	10
9784	10
9785	10
9786	10
9787	10
9788	10
9789	10
9790	10
9791	10
9792	10
9793	10
9794	10
9795	10
9796	10
9797	10
9798	10
9799	10
9800	10
9801	10
9802	10
9803	10
9804	10
9805	10
9806	10
9807	10
9808	10
9809	10
9810	10
9811	10
9812	10
9813	10
9814	10
9815	10
9816	10
9817	10
9818	10
9819	10
9820	10
9821	10
9822	10
9823	10
9824	10
9825	10
9826	10
9827	10
9828	10
9829	10
9830	10
9831	10
9832	10
9833	10
9834	10
9835	10
9836	10
9837	10
9838	10
9839	10
9840	10
9841	10
9842	10
9843	10
9844	10
9845	10
9846	10
9847	10
9848	10
9849	10
9850	10
9851	10
9852	10
9853	10
9854	10
9855	10
9856	10
9857	10
9858	10
9859	10
9860	10
9861	10
9862	10
9863	10
9864	10
9865	10
9866	10
9867	10
9868	10
9869	10
9870	10
9871	10
9872	11
9873	10
9874	10
9875	10
9876	10
9877	10
9878	10
9879	10
9880	10
9881	10
9882	10
9883	10
9884	10
9885	10
9886	10
9887	10
9888	10
9889	10
9890	10
9891	10
9892	10
9893	10
9894	10
9895	10
9896	10
9897	10
9898	10
9899	10
9900	10
9901	10
9902	10
9903	10
9904	10
9905	10
9906	10
9907	10
9908	10
9909	10
9910	10
9911	10
9912	10
9913	10
9914	10
9915	10
9916	10
9917	10
9918	10
9919	10
9920	10
9921	10
9922	10
9923	10
9924	10
9925	10
9926	10
9927	10
9928	10
9929	10
9930	10
9931	10
9932	10
9933	10
9934	10
9935	10
9936	10
9937	10
9938	10
9939	10
9940	10
9941	10
9942	10
9943	10
9944	10
9945	10
9946	10
9947	10
9948	10
9949	10
9950	10
9951	10
9952	10
9953	10
9954	10
9955	10
9956	10
9957	10
9958	10
9959	10
9960	10
9961	10
9962	10
9963	10
9964	10
9965	10
9966	10
9967	10
9968	10
9969	10
9970	10
9971	10
9972	10
9973	10
9974	10
9975	10
9976	10
9977	10
9978	10
9979	10
9980	10
9981	10
9982	10
9983	10
9984	10
9985	10
9986	10
9987	10
9988	10
9989	10
9990	10
9991	10
9992	10
9993	10
9994	10
9995	10
9996	10
9997	10
9998	10
9999	10