0	2
1	2
2	2
3	2
4	2
5	2
6	3
7	3
8	3
9	3
10	3
11	2
12	2
13	2
14	2
15	2
16	3
17	3
18	3
19	2
20	2
21	2
22	2
23	2
24	2
25	2
26	2
27	2
28	2
29	2
30	2
31	2
32	2
33	2
34	2
35	2
36	2
37	2
38	2
39	2
40	2
41	2
42	2
43	2
44	2
45	2
46	2
47	2
48	2
49	2
50	2
51	2
52	2
53	2
54	2
55	2
56	2
57	2
58	2
59	2
60	3
61	3
62	3
63	3
64	3
65	3
66	3
67	3
68	3
69	3
70	3
71	3
72	3
73	3
74	3
75	3
76	3
77	3
78	4
79	4
80	4
81	4
82	4
83	4
84	4
85	4
86	4
87	4
88	4
89	4
90	4
91	4
92	4
93	4
94	4
95	4
96	4
97	4
98	4
99	4
100	4
101	4
102	4
103	4
104	4
105	4
106	4
107	4
108	4
109	4
110	4
111	4
112	4
113	4
114	6
115	6
116	6
117	5
118	5
119	5
120	5
121	6
122	6
123	7
124	6
125	6
126	6
127	6
128	7
129	7
130	7
131	7
132	7
133	6
134	6
135	6
136	7
137	7
138	7
139	7
140	7
141	7
142	6
143	6
144	6
145	6
146	6
147	6
148	6
149	6
150	6
151	6
152	6
153	6
154	6
155	6
156	6
157	7
158	7
159	7
160	7
161	7
162	7
163	6
164	6
165	6
166	6
167	6
168	6
169	6
170	6
171	6
172	6
173	6
174	6
175	6
176	6
177	6
178	6
179	6
180	6
181	7
182	7
183	6
184	6
185	7
186	7
187	7
188	7
189	7
190	6
191	6
192	6
193	6
194	6
195	6
196	6
197	6
198	6
199	6
200	6
201	6
202	6
203	6
204	6
205	6
206	6
207	6
208	6
209	6
210	6
211	7
212	7
213	7
214	7
215	7
216	7
217	7
218	8
219	8
220	7
221	7
222	7
223	7
224	7
225	7
226	7
227	7
228	7
229	7
230	7
231	7
232	7
233	7
234	7
235	7
236	7
237	7
238	7
239	7
240	7
241	7
242	7
243	7
244	7
245	7
246	8
247	8
248	8
249	7
250	7
251	7
252	7
253	8
254	8
255	8
256	8
257	8
258	8
259	8
260	8
261	8
262	8
263	8
264	8
265	8
266	8
267	8
268	8
269	8
270	9
271	8
272	8
273	8
274	9
275	8
276	8
277	8
278	8
279	8
280	8
281	9
282	9
283	9
284	9
285	9
286	9
287	9
288	9
289	9
290	9
291	9
292	9
293	9
294	9
295	9
296	9
297	9
298	9
299	9
300	9
301	9
302	9
303	9
304	9
305	9
306	9
307	9
308	9
309	9
310	9
311	9
312	9
313	9
314	9
315	9
316	9
317	9
318	9
319	9
320	9
321	9
322	9
323	9
324	9
325	9
326	9
327	9
328	9
329	9
330	9
331	9
332	9
333	9
334	9
335	9
336	9
337	9
338	9
339	9
340	9
341	9
342	9
343	9
344	9
345	9
346	9
347	9
348	9
349	9
350	9
351	9
352	9
353	9
354	9
355	9
356	9
357	9
358	10
359	10
360	10
361	9
362	9
363	9
364	9
365	9
366	9
367	9
368	9
369	9
370	9
371	9
372	9
373	9
374	9
375	9
376	9
377	9
378	9
379	11
380	11
381	9
382	9
383	9
384	9
385	10
386	10
387	10
388	9
389	9
390	9
391	9
392	9
393	9
394	9
395	9
396	9
397	9
398	9
399	9
400	9
401	9
402	9
403	9
404	9
405	9
406	9
407	9
408	9
409	9
410	9
411	9
412	9
413	9
414	9
415	9
416	9
417	9
418	9
419	9
420	9
421	10
422	9
423	10
424	10
425	10
426	10
427	11
428	11
429	11
430	11
431	11
432	11
433	11
434	11
435	11
436	11
437	11
438	11
439	11
440	11
441	11
442	11
443	11
444	11
445	11
446	11
447	11
448	11
449	11
450	11
451	11
452	11
453	11
454	11
455	11
456	11
457	11
458	10
459	10
460	10
461	10
462	10
463	10
464	10
465	10
466	10
467	10
468	10
469	10
470	10
471	10
472	10
473	10
474	10
475	10
476	10
477	10
478	10
479	10
480	10
481	10
482	10
483	10
484	10
485	10
486	10
487	10
488	10
489	10
490	10
491	10
492	10
493	10
494	10
495	10
496	10
497	10
498	10
499	10
500	10
501	10
502	10
503	10
504	10
505	10
506	10
507	10
508	10
509	10
510	10
511	10
512	10
513	10
514	10
515	10
516	10
517	10
518	10
519	10
520	10
521	10
522	10
523	10
524	10
525	10
526	10
527	10
528	10
529	10
530	10
531	10
532	10
533	10
534	10
535	10
536	10
537	10
538	10
539	10
540	10
541	10
542	10
543	10
544	10
545	10
546	10
547	10
548	10
549	10
550	10
551	10
552	10
553	10
554	10
555	10
556	10
557	10
558	10
559	10
560	10
561	10
562	10
563	10
564	10
565	10
566	10
567	10
568	10
569	11
570	11
571	11
572	11
573	11
574	11
575	11
576	10
577	10
578	11
579	11
580	11
581	11
582	11
583	11
584	11
585	11
586	11
587	11
588	11
589	11
590	11
591	11
592	11
593	11
594	11
595	11
596	11
597	11
598	11
599	11
600	11
601	11
602	11
603	11
604	11
605	11
606	10
607	10
608	10
609	10
610	10
611	10
612	10
613	10
614	10
615	10
616	10
617	10
618	10
619	10
620	10
621	10
622	10
623	10
624	10
625	10
626	10
627	10
628	10
629	10
630	10
631	10
632	10
633	10
634	10
635	10
636	10
637	11
638	11
639	10
640	10
641	10
642	10
643	11
644	11
645	10
646	10
647	10
648	10
649	10
650	10
651	10
652	10
653	10
654	10
655	10
656	10
657	10
658	10
659	10
660	10
661	10
662	10
663	10
664	10
665	10
666	10
667	10
668	10
669	10
670	10
671	10
672	10
673	10
674	10
675	10
676	10
677	10
678	10
679	10
680	10
681	10
682	10
683	10
684	10
685	10
686	10
687	10
688	10
689	10
690	10
691	10
692	10
693	10
694	10
695	10
696	10
697	10
698	10
699	10
700	10
701	10
702	10
703	10
704	10
705	10
706	10
707	10
708	10
709	10
710	10
711	10
712	10
713	10
714	11
715	10
716	10
717	10
718	10
719	10
720	10
721	10
722	10
723	10
724	10
725	10
726	10
727	10
728	10
729	10
730	10
731	10
732	10
733	10
734	10
735	10
736	10
737	10
738	10
739	10
740	10
741	10
742	10
743	10
744	10
745	10
746	10
747	10
748	10
749	10
750	10
751	10
752	10
753	10
754	10
755	10
756	10
757	11
758	11
759	11
760	11
761	11
762	11
763	11
764	11
765	11
766	11
767	11
768	11
769	11
770	11
771	11
772	11
773	11
774	11
775	11
776	11
777	10
778	10
779	10
780	10
781	11
782	11
783	11
784	11
785	11
786	11
787	11
788	11
789	11
790	11
791	11
792	11
793	11
794	11
795	11
796	11
797	11
798	11
799	11
800	11
801	11
802	11
803	11
804	11
805	11
806	11
807	11
808	11
809	11
810	11
811	11
812	11
813	11
814	11
815	11
816	12
817	11
818	11
819	11
820	11
821	11
822	11
823	11
824	11
825	11
826	11
827	11
828	11
829	11
830	11
831	11
832	11
833	11
834	11
835	11
836	11
837	11
838	11
839	11
840	11
841	11
842	11
843	11
844	11
845	11
846	11
847	11
848	12
849	12
850	12
851	12
852	12
853	12
854	12
855	12
856	12
857	12
858	12
859	12
860	12
861	12
862	12
863	12
864	13
865	12
866	12
867	12
868	12
869	12
870	12
871	12
872	12
873	12
874	12
875	12
876	13
877	13
878	13
879	13
880	14
881	14
882	13
883	13
884	13
885	13
886	13
887	13
888	13
889	13
890	13
891	13
892	13
893	13
894	13
895	14
896	13
897	14
898	14
899	14
900	14
901	14
902	14
903	14
904	14
905	14
906	13
907	13
908	13
909	13
910	13
911	14
912	14
913	14
914	14
915	14
916	14
917	14
918	14
919	14
920	14
921	14
922	14
923	14
924	14
925	14
926	14
927	14
928	14
929	14
930	14
931	14
932	14
933	14
934	14
935	14
936	14
937	14
938	14
939	14
940	14
941	14
942	14
943	14
944	14
945	14
946	14
947	14
948	14
949	14
950	14
951	14
952	15
953	14
954	14
955	14
956	14
957	14
958	14
959	14
960	14
961	14
962	14
963	14
964	14
965	14
966	14
967	14
968	14
969	14
970	15
971	14
972	14
973	14
974	14
975	14
976	14
977	14
978	14
979	14
980	14
981	14
982	14
983	14
984	14
985	14
986	14
987	14
988	14
989	14
990	14
991	14
992	14
993	14
994	14
995	14
996	14
997	14
998	14
999	14
1000	14
1001	15
1002	15
1003	15
1004	15
1005	15
1006	15
1007	15
1008	15
1009	15
1010	16
1011	16
1012	15
1013	14
1014	14
1015	14
1016	14
1017	14
1018	14
1019	14
1020	14
1021	14
1022	14
1023	14
1024	14
1025	14
1026	14
1027	14
1028	14
1029	14
1030	14
1031	14
1032	15
1033	15
1034	15
1035	15
1036	15
1037	15
1038	15
1039	15
1040	15
1041	15
1042	15
1043	15
1044	15
1045	15
1046	15
1047	15
1048	14
1049	14
1050	14
1051	14
1052	14
1053	14
1054	14
1055	14
1056	14
1057	15
1058	14
1059	14
1060	14
1061	14
1062	14
1063	14
1064	14
1065	14
1066	14
1067	14
1068	14
1069	14
1070	15
1071	15
1072	14
1073	14
1074	15
1075	15
1076	15
1077	15
1078	15
1079	15
1080	15
1081	15
1082	15
1083	15
1084	15
1085	15
1086	15
1087	15
1088	15
1089	15
1090	15
1091	15
1092	15
1093	15
1094	15
1095	15
1096	15
1097	15
1098	15
1099	15
1100	15
1101	15
1102	15
1103	15
1104	15
1105	15
1106	15
1107	15
1108	15
1109	15
1110	15
1111	15
1112	15
1113	15
1114	15
1115	15
1116	15
1117	15
1118	15
1119	15
1120	15
1121	15
1122	15
1123	15
1124	15
1125	15
1126	15
1127	15
1128	15
1129	15
1130	15
1131	15
1132	15
1133	15
1134	15
1135	15
1136	15
1137	15
1138	15
1139	15
1140	16
1141	16
1142	16
1143	15
1144	15
1145	15
1146	14
1147	14
1148	14
1149	14
1150	14
1151	14
1152	14
1153	14
1154	14
1155	14
1156	14
1157	14
1158	14
1159	14
1160	14
1161	14
1162	14
1163	14
1164	14
1165	14
1166	14
1167	14
1168	14
1169	14
1170	14
1171	14
1172	14
1173	14
1174	14
1175	14
1176	14
1177	14
1178	14
1179	14
1180	14
1181	14
1182	14
1183	14
1184	14
1185	14
1186	14
1187	14
1188	14
1189	14
1190	14
1191	14
1192	14
1193	14
1194	14
1195	14
1196	14
1197	14
1198	14
1199	15
1200	15
1201	15
1202	15
1203	15
1204	15
1205	15
1206	15
1207	15
1208	15
1209	15
1210	15
1211	15
1212	15
1213	15
1214	15
1215	15
1216	15
1217	15
1218	15
1219	15
1220	15
1221	15
1222	15
1223	15
1224	15
1225	15
1226	15
1227	15
1228	15
1229	15
1230	15
1231	15
1232	15
1233	15
1234	15
1235	15
1236	15
1237	15
1238	16
1239	16
1240	16
1241	16
1242	16
1243	16
1244	16
1245	16
1246	16
1247	16
1248	16
1249	16
1250	16
1251	16
1252	16
1253	16
1254	16
1255	16
1256	16
1257	16
1258	17
1259	16
1260	16
1261	16
1262	16
1263	16
1264	16
1265	16
1266	16
1267	16
1268	16
1269	16
1270	16
1271	16
1272	16
1273	16
1274	16
1275	16
1276	16
1277	16
1278	16
1279	16
1280	16
1281	16
1282	16
1283	16
1284	16
1285	16
1286	16
1287	16
1288	16
1289	16
1290	16
1291	16
1292	16
1293	16
1294	17
1295	17
1296	16
1297	17
1298	16
1299	16
1300	15
1301	15
1302	15
1303	15
1304	15
1305	16
1306	16
1307	15
1308	15
1309	15
1310	15
1311	16
1312	16
1313	16
1314	16
1315	16
1316	16
1317	16
1318	16
1319	16
1320	15
1321	15
1322	15
1323	15
1324	15
1325	15
1326	15
1327	15
1328	15
1329	15
1330	15
1331	15
1332	15
1333	15
1334	16
1335	16
1336	16
1337	16
1338	15
1339	15
1340	15
1341	15
1342	15
1343	15
1344	15
1345	15
1346	15
1347	15
1348	15
1349	15
1350	15
1351	15
1352	15
1353	15
1354	15
1355	15
1356	16
1357	16
1358	15
1359	15
1360	15
1361	15
1362	15
1363	15
1364	15
1365	15
1366	15
1367	15
1368	15
1369	15
1370	15
1371	15
1372	15
1373	15
1374	15
1375	15
1376	15
1377	15
1378	15
1379	15
1380	15
1381	15
1382	15
1383	15
1384	15
1385	15
1386	15
1387	15
1388	15
1389	15
1390	15
1391	15
1392	15
1393	15
1394	15
1395	15
1396	15
1397	15
1398	15
1399	15
1400	15
1401	15
1402	15
1403	15
1404	15
1405	15
1406	15
1407	16
1408	16
1409	16
1410	16
1411	16
1412	16
1413	16
1414	16
1415	16
1416	16
1417	16
1418	16
1419	16
1420	16
1421	16
1422	16
1423	16
1424	16
1425	16
1426	16
1427	16
1428	16
1429	16
1430	16
1431	15
1432	14
1433	14
1434	14
1435	14
1436	14
1437	14
1438	14
1439	14
1440	14
1441	14
1442	14
1443	14
1444	14
1445	14
1446	14
1447	14
1448	14
1449	14
1450	14
1451	14
1452	14
1453	14
1454	14
1455	14
1456	14
1457	14
1458	14
1459	14
1460	14
1461	14
1462	14
1463	14
1464	14
1465	14
1466	14
1467	15
1468	14
1469	14
1470	14
1471	14
1472	14
1473	14
1474	14
1475	14
1476	14
1477	14
1478	14
1479	14
1480	14
1481	14
1482	14
1483	14
1484	14
1485	14
1486	14
1487	14
1488	14
1489	14
1490	14
1491	14
1492	14
1493	14
1494	14
1495	14
1496	14
1497	14
1498	14
1499	14
1500	14
1501	14
1502	14
1503	15
1504	14
1505	14
1506	14
1507	14
1508	14
1509	14
1510	14
1511	14
1512	14
1513	14
1514	14
1515	14
1516	14
1517	14
1518	14
1519	14
1520	14
1521	14
1522	14
1523	14
1524	14
1525	14
1526	14
1527	14
1528	14
1529	14
1530	14
1531	14
1532	14
1533	14
1534	14
1535	14
1536	14
1537	14
1538	14
1539	14
1540	14
1541	14
1542	14
1543	14
1544	14
1545	14
1546	14
1547	14
1548	14
1549	14
1550	14
1551	14
1552	14
1553	14
1554	14
1555	14
1556	15
1557	15
1558	15
1559	15
1560	15
1561	15
1562	15
1563	15
1564	15
1565	15
1566	15
1567	15
1568	15
1569	15
1570	15
1571	15
1572	15
1573	15
1574	15
1575	14
1576	14
1577	14
1578	14
1579	14
1580	14
1581	14
1582	14
1583	14
1584	14
1585	15
1586	14
1587	14
1588	14
1589	14
1590	14
1591	14
1592	14
1593	14
1594	15
1595	15
1596	15
1597	14
1598	14
1599	14
1600	14
1601	14
1602	14
1603	14
1604	14
1605	14
1606	14
1607	14
1608	14
1609	14
1610	14
1611	14
1612	14
1613	14
1614	14
1615	14
1616	14
1617	14
1618	14
1619	14
1620	14
1621	14
1622	14
1623	15
1624	15
1625	14
1626	14
1627	14
1628	14
1629	14
1630	14
1631	14
1632	14
1633	14
1634	14
1635	14
1636	14
1637	14
1638	15
1639	15
1640	14
1641	14
1642	14
1643	14
1644	14
1645	14
1646	14
1647	14
1648	14
1649	14
1650	14
1651	14
1652	14
1653	15
1654	15
1655	14
1656	14
1657	14
1658	14
1659	14
1660	14
1661	14
1662	14
1663	14
1664	14
1665	14
1666	14
1667	14
1668	14
1669	14
1670	14
1671	14
1672	14
1673	14
1674	14
1675	14
1676	14
1677	14
1678	14
1679	14
1680	14
1681	14
1682	14
1683	14
1684	14
1685	14
1686	14
1687	14
1688	14
1689	14
1690	14
1691	14
1692	14
1693	14
1694	14
1695	14
1696	14
1697	14
1698	14
1699	14
1700	14
1701	14
1702	14
1703	14
1704	14
1705	14
1706	14
1707	15
1708	15
1709	16
1710	16
1711	15
1712	15
1713	15
1714	14
1715	14
1716	14
1717	14
1718	14
1719	15
1720	14
1721	14
1722	14
1723	14
1724	14
1725	14
1726	14
1727	14
1728	14
1729	14
1730	14
1731	14
1732	14
1733	14
1734	14
1735	14
1736	14
1737	14
1738	15
1739	15
1740	15
1741	15
1742	14
1743	14
1744	14
1745	14
1746	15
1747	15
1748	15
1749	15
1750	15
1751	15
1752	15
1753	15
1754	15
1755	15
1756	15
1757	15
1758	15
1759	14
1760	14
1761	14
1762	14
1763	14
1764	14
1765	14
1766	14
1767	14
1768	15
1769	15
1770	15
1771	15
1772	15
1773	15
1774	15
1775	14
1776	14
1777	14
1778	15
1779	15
1780	15
1781	15
1782	15
1783	15
1784	15
1785	15
1786	15
1787	15
1788	15
1789	15
1790	15
1791	15
1792	14
1793	14
1794	14
1795	14
1796	14
1797	16
1798	15
1799	14
1800	14
1801	14
1802	15
1803	15
1804	15
1805	15
1806	15
1807	15
1808	15
1809	15
1810	15
1811	14
1812	14
1813	14
1814	14
1815	14
1816	14
1817	14
1818	14
1819	14
1820	14
1821	14
1822	14
1823	14
1824	14
1825	14
1826	14
1827	14
1828	14
1829	14
1830	14
1831	14
1832	14
1833	14
1834	14
1835	14
1836	14
1837	14
1838	14
1839	14
1840	14
1841	14
1842	14
1843	14
1844	14
1845	14
1846	14
1847	14
1848	14
1849	14
1850	14
1851	14
1852	14
1853	14
1854	14
1855	14
1856	14
1857	14
1858	14
1859	14
1860	14
1861	14
1862	14
1863	14
1864	14
1865	14
1866	14
1867	14
1868	14
1869	14
1870	14
1871	15
1872	14
1873	14
1874	14
1875	14
1876	14
1877	15
1878	14
1879	14
1880	14
1881	14
1882	14
1883	14
1884	14
1885	14
1886	14
1887	14
1888	14
1889	14
1890	14
1891	15
1892	15
1893	14
1894	14
1895	14
1896	14
1897	14
1898	14
1899	14
1900	14
1901	14
1902	14
1903	14
1904	14
1905	14
1906	14
1907	15
1908	15
1909	15
1910	15
1911	15
1912	15
1913	15
1914	15
1915	15
1916	15
1917	15
1918	15
1919	14
1920	14
1921	14
1922	14
1923	14
1924	14
1925	14
1926	15
1927	15
1928	15
1929	15
1930	15
1931	15
1932	14
1933	14
1934	14
1935	14
1936	14
1937	14
1938	14
1939	14
1940	14
1941	14
1942	14
1943	14
1944	14
1945	14
1946	14
1947	14
1948	14
1949	14
1950	14
1951	14
1952	14
1953	14
1954	14
1955	14
1956	14
1957	14
1958	14
1959	14
1960	14
1961	14
1962	14
1963	14
1964	14
1965	14
1966	14
1967	14
1968	14
1969	14
1970	14
1971	14
1972	14
1973	14
1974	14
1975	14
1976	14
1977	14
1978	14
1979	14
1980	14
1981	14
1982	14
1983	14
1984	14
1985	14
1986	14
1987	14
1988	14
1989	14
1990	14
1991	15
1992	14
1993	14
1994	14
1995	14
1996	14
1997	14
1998	14
1999	14
2000	14
2001	14
2002	14
2003	14
2004	14
2005	14
2006	14
2007	14
2008	14
2009	14
2010	14
2011	14
2012	14
2013	14
2014	14
2015	14
2016	14
2017	14
2018	14
2019	14
2020	14
2021	14
2022	14
2023	14
2024	14
2025	14
2026	14
2027	14
2028	14
2029	14
2030	14
2031	14
2032	14
2033	14
2034	14
2035	14
2036	14
2037	14
2038	14
2039	14
2040	14
2041	14
2042	14
2043	14
2044	14
2045	14
2046	14
2047	14
2048	14
2049	15
2050	15
2051	15
2052	14
2053	14
2054	14
2055	14
2056	14
2057	14
2058	14
2059	14
2060	14
2061	14
2062	14
2063	14
2064	14
2065	14
2066	14
2067	14
2068	14
2069	14
2070	14
2071	14
2072	14
2073	14
2074	14
2075	14
2076	14
2077	14
2078	14
2079	14
2080	14
2081	14
2082	14
2083	14
2084	14
2085	14
2086	14
2087	14
2088	14
2089	14
2090	14
2091	14
2092	14
2093	14
2094	15
2095	15
2096	15
2097	15
2098	14
2099	14
2100	14
2101	14
2102	14
2103	14
2104	14
2105	14
2106	14
2107	14
2108	14
2109	14
2110	14
2111	14
2112	14
2113	14
2114	14
2115	14
2116	14
2117	14
2118	14
2119	14
2120	14
2121	14
2122	15
2123	15
2124	15
2125	15
2126	15
2127	14
2128	14
2129	14
2130	14
2131	14
2132	14
2133	14
2134	14
2135	14
2136	14
2137	15
2138	15
2139	15
2140	14
2141	14
2142	14
2143	15
2144	15
2145	14
2146	14
2147	14
2148	14
2149	14
2150	14
2151	14
2152	15
2153	15
2154	15
2155	15
2156	15
2157	14
2158	14
2159	14
2160	14
2161	14
2162	14
2163	14
2164	14
2165	14
2166	14
2167	14
2168	14
2169	14
2170	14
2171	14
2172	15
2173	15
2174	15
2175	15
2176	14
2177	14
2178	14
2179	14
2180	14
2181	14
2182	14
2183	14
2184	14
2185	14
2186	14
2187	14
2188	14
2189	14
2190	14
2191	14
2192	14
2193	14
2194	14
2195	14
2196	14
2197	14
2198	14
2199	14
2200	14
2201	14
2202	14
2203	14
2204	14
2205	14
2206	14
2207	14
2208	14
2209	14
2210	14
2211	14
2212	14
2213	14
2214	14
2215	14
2216	14
2217	14
2218	14
2219	14
2220	14
2221	14
2222	14
2223	14
2224	14
2225	14
2226	14
2227	14
2228	14
2229	14
2230	14
2231	14
2232	14
2233	14
2234	14
2235	14
2236	14
2237	14
2238	14
2239	14
2240	14
2241	14
2242	14
2243	14
2244	14
2245	14
2246	14
2247	14
2248	14
2249	14
2250	14
2251	14
2252	14
2253	14
2254	14
2255	14
2256	14
2257	14
2258	14
2259	14
2260	14
2261	14
2262	14
2263	14
2264	14
2265	15
2266	15
2267	14
2268	14
2269	14
2270	14
2271	14
2272	14
2273	14
2274	14
2275	14
2276	14
2277	14
2278	14
2279	14
2280	14
2281	14
2282	14
2283	14
2284	14
2285	14
2286	14
2287	14
2288	14
2289	14
2290	14
2291	14
2292	14
2293	14
2294	14
2295	14
2296	14
2297	14
2298	14
2299	14
2300	15
2301	15
2302	15
2303	14
2304	14
2305	14
2306	14
2307	14
2308	14
2309	14
2310	14
2311	14
2312	14
2313	14
2314	14
2315	14
2316	14
2317	14
2318	14
2319	14
2320	14
2321	14
2322	14
2323	14
2324	14
2325	14
2326	14
2327	14
2328	14
2329	14
2330	14
2331	14
2332	14
2333	14
2334	14
2335	14
2336	14
2337	14
2338	14
2339	14
2340	14
2341	14
2342	14
2343	14
2344	14
2345	14
2346	14
2347	14
2348	14
2349	14
2350	14
2351	14
2352	14
2353	14
2354	14
2355	14
2356	14
2357	14
2358	14
2359	14
2360	14
2361	14
2362	14
2363	14
2364	14
2365	14
2366	14
2367	14
2368	14
2369	15
2370	15
2371	15
2372	15
2373	14
2374	14
2375	14
2376	14
2377	14
2378	14
2379	14
2380	14
2381	14
2382	14
2383	14
2384	14
2385	14
2386	14
2387	14
2388	14
2389	14
2390	14
2391	14
2392	14
2393	14
2394	14
2395	14
2396	14
2397	14
2398	14
2399	14
2400	14
2401	14
2402	14
2403	14
2404	14
2405	14
2406	14
2407	14
2408	14
2409	14
2410	14
2411	14
2412	14
2413	14
2414	14
2415	14
2416	14
2417	14
2418	14
2419	14
2420	14
2421	14
2422	14
2423	14
2424	14
2425	14
2426	14
2427	14
2428	14
2429	14
2430	14
2431	14
2432	14
2433	14
2434	14
2435	14
2436	14
2437	14
2438	14
2439	14
2440	14
2441	14
2442	14
2443	14
2444	14
2445	14
2446	15
2447	15
2448	15
2449	14
2450	14
2451	15
2452	14
2453	14
2454	14
2455	14
2456	14
2457	14
2458	14
2459	14
2460	14
2461	14
2462	14
2463	14
2464	14
2465	14
2466	14
2467	14
2468	14
2469	14
2470	14
2471	14
2472	14
2473	14
2474	14
2475	14
2476	14
2477	14
2478	14
2479	14
2480	14
2481	14
2482	14
2483	14
2484	14
2485	14
2486	14
2487	14
2488	14
2489	14
2490	14
2491	14
2492	14
2493	14
2494	14
2495	14
2496	14
2497	14
2498	14
2499	14
2500	14
2501	14
2502	14
2503	15
2504	15
2505	15
2506	15
2507	15
2508	15
2509	15
2510	15
2511	15
2512	15
2513	15
2514	15
2515	15
2516	15
2517	15
2518	15
2519	15
2520	15
2521	15
2522	15
2523	15
2524	15
2525	15
2526	15
2527	15
2528	15
2529	15
2530	15
2531	16
2532	16
2533	16
2534	15
2535	15
2536	16
2537	16
2538	15
2539	15
2540	15
2541	15
2542	15
2543	15
2544	15
2545	15
2546	15
2547	15
2548	15
2549	15
2550	15
2551	15
2552	15
2553	15
2554	16
2555	16
2556	15
2557	15
2558	14
2559	14
2560	14
2561	14
2562	14
2563	14
2564	14
2565	14
2566	14
2567	14
2568	14
2569	14
2570	14
2571	14
2572	14
2573	14
2574	14
2575	14
2576	14
2577	14
2578	14
2579	14
2580	14
2581	14
2582	14
2583	14
2584	14
2585	14
2586	14
2587	14
2588	14
2589	14
2590	14
2591	14
2592	14
2593	14
2594	14
2595	14
2596	14
2597	14
2598	14
2599	14
2600	14
2601	14
2602	14
2603	14
2604	14
2605	14
2606	14
2607	15
2608	15
2609	15
2610	15
2611	15
2612	15
2613	15
2614	15
2615	15
2616	15
2617	15
2618	15
2619	15
2620	15
2621	15
2622	15
2623	15
2624	15
2625	15
2626	15
2627	15
2628	15
2629	15
2630	15
2631	15
2632	15
2633	15
2634	15
2635	15
2636	15
2637	15
2638	15
2639	15
2640	15
2641	15
2642	15
2643	15
2644	15
2645	15
2646	15
2647	15
2648	15
2649	15
2650	15
2651	15
2652	15
2653	15
2654	15
2655	15
2656	15
2657	15
2658	15
2659	15
2660	15
2661	15
2662	15
2663	15
2664	15
2665	15
2666	15
2667	15
2668	15
2669	15
2670	15
2671	15
2672	15
2673	15
2674	15
2675	15
2676	15
2677	15
2678	15
2679	15
2680	15
2681	15
2682	15
2683	15
2684	15
2685	15
2686	15
2687	15
2688	16
2689	15
2690	15
2691	15
2692	15
2693	15
2694	15
2695	15
2696	15
2697	15
2698	15
2699	16
2700	15
2701	15
2702	15
2703	15
2704	15
2705	15
2706	15
2707	15
2708	15
2709	15
2710	15
2711	15
2712	15
2713	15
2714	15
2715	15
2716	15
2717	15
2718	15
2719	15
2720	15
2721	15
2722	15
2723	15
2724	15
2725	15
2726	15
2727	15
2728	15
2729	15
2730	16
2731	16
2732	16
2733	15
2734	15
2735	15
2736	15
2737	15
2738	15
2739	15
2740	15
2741	15
2742	15
2743	15
2744	15
2745	15
2746	15
2747	15
2748	15
2749	15
2750	15
2751	15
2752	15
2753	15
2754	15
2755	15
2756	15
2757	16
2758	15
2759	15
2760	15
2761	15
2762	15
2763	15
2764	15
2765	15
2766	15
2767	15
2768	15
2769	15
2770	15
2771	15
2772	15
2773	15
2774	15
2775	15
2776	16
2777	16
2778	16
2779	16
2780	16
2781	16
2782	16
2783	16
2784	16
2785	16
2786	16
2787	16
2788	16
2789	16
2790	16
2791	17
2792	17
2793	17
2794	17
2795	17
2796	18
2797	17
2798	17
2799	17
2800	17
2801	17
2802	17
2803	17
2804	17
2805	16
2806	16
2807	16
2808	16
2809	16
2810	16
2811	16
2812	16
2813	17
2814	17
2815	17
2816	17
2817	17
2818	17
2819	16
2820	16
2821	16
2822	16
2823	16
2824	15
2825	15
2826	15
2827	15
2828	15
2829	15
2830	15
2831	15
2832	15
2833	15
2834	15
2835	15
2836	15
2837	15
2838	15
2839	15
2840	15
2841	15
2842	15
2843	15
2844	15
2845	15
2846	15
2847	15
2848	15
2849	15
2850	15
2851	15
2852	15
2853	15
2854	15
2855	15
2856	15
2857	15
2858	15
2859	15
2860	15
2861	15
2862	15
2863	15
2864	15
2865	15
2866	15
2867	15
2868	15
2869	15
2870	15
2871	15
2872	16
2873	16
2874	16
2875	16
2876	16
2877	15
2878	15
2879	15
2880	15
2881	15
2882	15
2883	15
2884	15
2885	15
2886	15
2887	15
2888	15
2889	15
2890	15
2891	15
2892	15
2893	15
2894	16
2895	15
2896	15
2897	15
2898	15
2899	15
2900	15
2901	15
2902	15
2903	15
2904	15
2905	15
2906	15
2907	15
2908	15
2909	15
2910	16
2911	17
2912	16
2913	15
2914	15
2915	15
2916	15
2917	15
2918	15
2919	15
2920	15
2921	15
2922	15
2923	15
2924	15
2925	15
2926	15
2927	15
2928	15
2929	15
2930	15
2931	15
2932	15
2933	15
2934	15
2935	15
2936	15
2937	15
2938	15
2939	15
2940	15
2941	15
2942	15
2943	15
2944	15
2945	15
2946	15
2947	15
2948	15
2949	15
2950	15
2951	15
2952	16
2953	16
2954	16
2955	16
2956	16
2957	16
2958	15
2959	15
2960	15
2961	15
2962	15
2963	15
2964	15
2965	15
2966	15
2967	15
2968	15
2969	15
2970	15
2971	15
2972	15
2973	15
2974	15
2975	15
2976	15
2977	15
2978	15
2979	15
2980	15
2981	15
2982	15
2983	15
2984	15
2985	15
2986	15
2987	15
2988	15
2989	15
2990	15
2991	15
2992	15
2993	15
2994	15
2995	15
2996	15
2997	15
2998	15
2999	15
3000	15
3001	15
3002	15
3003	15
3004	15
3005	15
3006	15
3007	15
3008	15
3009	15
3010	15
3011	15
3012	15
3013	15
3014	15
3015	15
3016	15
3017	15
3018	15
3019	15
3020	15
3021	15
3022	15
3023	15
3024	15
3025	15
3026	15
3027	15
3028	15
3029	15
3030	16
3031	16
3032	16
3033	16
3034	16
3035	16
3036	16
3037	16
3038	16
3039	16
3040	16
3041	16
3042	16
3043	16
3044	16
3045	16
3046	15
3047	15
3048	15
3049	15
3050	15
3051	15
3052	15
3053	15
3054	15
3055	15
3056	15
3057	15
3058	16
3059	16
3060	16
3061	16
3062	16
3063	16
3064	16
3065	16
3066	16
3067	16
3068	16
3069	16
3070	16
3071	16
3072	16
3073	17
3074	16
3075	16
3076	16
3077	16
3078	16
3079	16
3080	16
3081	16
3082	16
3083	16
3084	15
3085	15
3086	15
3087	15
3088	15
3089	15
3090	15
3091	15
3092	15
3093	15
3094	15
3095	15
3096	15
3097	15
3098	15
3099	15
3100	15
3101	16
3102	16
3103	15
3104	15
3105	15
3106	15
3107	15
3108	15
3109	15
3110	15
3111	15
3112	15
3113	15
3114	15
3115	15
3116	15
3117	16
3118	16
3119	16
3120	16
3121	16
3122	16
3123	15
3124	15
3125	16
3126	16
3127	15
3128	15
3129	15
3130	15
3131	15
3132	15
3133	15
3134	15
3135	15
3136	15
3137	15
3138	15
3139	15
3140	15
3141	15
3142	15
3143	15
3144	15
3145	15
3146	15
3147	15
3148	15
3149	15
3150	15
3151	15
3152	15
3153	15
3154	15
3155	15
3156	16
3157	16
3158	16
3159	16
3160	16
3161	16
3162	16
3163	16
3164	16
3165	16
3166	16
3167	16
3168	16
3169	16
3170	16
3171	16
3172	16
3173	16
3174	16
3175	16
3176	16
3177	16
3178	16
3179	16
3180	16
3181	16
3182	16
3183	16
3184	16
3185	16
3186	16
3187	16
3188	16
3189	16
3190	16
3191	16
3192	16
3193	17
3194	17
3195	17
3196	16
3197	16
3198	16
3199	16
3200	16
3201	16
3202	16
3203	16
3204	16
3205	16
3206	16
3207	16
3208	16
3209	16
3210	16
3211	16
3212	16
3213	17
3214	17
3215	16
3216	15
3217	15
3218	15
3219	15
3220	15
3221	15
3222	15
3223	15
3224	15
3225	15
3226	15
3227	15
3228	15
3229	15
3230	15
3231	16
3232	15
3233	15
3234	15
3235	15
3236	15
3237	15
3238	15
3239	15
3240	15
3241	15
3242	15
3243	15
3244	15
3245	15
3246	15
3247	15
3248	15
3249	15
3250	15
3251	15
3252	15
3253	15
3254	15
3255	16
3256	16
3257	15
3258	15
3259	15
3260	15
3261	15
3262	15
3263	15
3264	15
3265	15
3266	15
3267	15
3268	15
3269	15
3270	15
3271	15
3272	15
3273	15
3274	15
3275	16
3276	15
3277	15
3278	15
3279	15
3280	15
3281	15
3282	15
3283	15
3284	15
3285	15
3286	15
3287	15
3288	15
3289	15
3290	15
3291	15
3292	15
3293	15
3294	15
3295	15
3296	15
3297	15
3298	15
3299	15
3300	15
3301	15
3302	15
3303	15
3304	15
3305	15
3306	15
3307	15
3308	15
3309	15
3310	15
3311	16
3312	15
3313	15
3314	15
3315	15
3316	15
3317	15
3318	15
3319	15
3320	15
3321	15
3322	15
3323	15
3324	15
3325	15
3326	15
3327	15
3328	15
3329	15
3330	15
3331	15
3332	15
3333	15
3334	15
3335	15
3336	15
3337	15
3338	15
3339	15
3340	15
3341	15
3342	15
3343	15
3344	15
3345	15
3346	15
3347	15
3348	15
3349	15
3350	15
3351	16
3352	16
3353	16
3354	15
3355	15
3356	15
3357	15
3358	15
3359	15
3360	15
3361	15
3362	15
3363	15
3364	15
3365	15
3366	15
3367	15
3368	15
3369	15
3370	15
3371	15
3372	15
3373	15
3374	15
3375	15
3376	15
3377	15
3378	15
3379	15
3380	15
3381	15
3382	15
3383	15
3384	15
3385	15
3386	15
3387	15
3388	15
3389	15
3390	15
3391	15
3392	15
3393	15
3394	15
3395	15
3396	15
3397	15
3398	15
3399	15
3400	15
3401	15
3402	15
3403	15
3404	15
3405	15
3406	15
3407	15
3408	15
3409	15
3410	15
3411	15
3412	15
3413	15
3414	15
3415	15
3416	15
3417	15
3418	15
3419	15
3420	15
3421	15
3422	15
3423	15
3424	15
3425	15
3426	15
3427	15
3428	15
3429	15
3430	15
3431	15
3432	15
3433	15
3434	15
3435	15
3436	15
3437	15
3438	15
3439	15
3440	15
3441	15
3442	15
3443	15
3444	15
3445	15
3446	15
3447	15
3448	16
3449	16
3450	16
3451	16
3452	16
3453	16
3454	15
3455	15
3456	15
3457	15
3458	15
3459	15
3460	16
3461	15
3462	15
3463	15
3464	15
3465	15
3466	15
3467	15
3468	15
3469	15
3470	15
3471	15
3472	15
3473	15
3474	15
3475	15
3476	15
3477	15
3478	16
3479	16
3480	16
3481	16
3482	16
3483	17
3484	17
3485	16
3486	16
3487	16
3488	16
3489	16
3490	16
3491	16
3492	17
3493	16
3494	16
3495	16
3496	16
3497	16
3498	17
3499	17
3500	17
3501	17
3502	17
3503	16
3504	16
3505	16
3506	16
3507	16
3508	16
3509	16
3510	16
3511	16
3512	16
3513	16
3514	16
3515	16
3516	16
3517	16
3518	16
3519	16
3520	16
3521	16
3522	16
3523	16
3524	16
3525	16
3526	16
3527	16
3528	16
3529	16
3530	16
3531	16
3532	16
3533	16
3534	16
3535	16
3536	16
3537	16
3538	16
3539	16
3540	16
3541	16
3542	16
3543	16
3544	16
3545	16
3546	17
3547	16
3548	16
3549	16
3550	16
3551	16
3552	16
3553	16
3554	16
3555	16
3556	16
3557	16
3558	16
3559	16
3560	16
3561	16
3562	16
3563	16
3564	16
3565	16
3566	16
3567	16
3568	16
3569	16
3570	16
3571	16
3572	16
3573	16
3574	16
3575	16
3576	16
3577	16
3578	16
3579	16
3580	16
3581	17
3582	17
3583	17
3584	17
3585	17
3586	16
3587	16
3588	16
3589	16
3590	16
3591	16
3592	16
3593	16
3594	16
3595	16
3596	16
3597	16
3598	16
3599	16
3600	16
3601	16
3602	16
3603	16
3604	16
3605	16
3606	16
3607	16
3608	16
3609	16
3610	16
3611	16
3612	16
3613	17
3614	17
3615	17
3616	17
3617	17
3618	17
3619	17
3620	17
3621	17
3622	17
3623	17
3624	16
3625	16
3626	16
3627	16
3628	16
3629	16
3630	16
3631	16
3632	16
3633	17
3634	17
3635	17
3636	17
3637	17
3638	16
3639	16
3640	16
3641	16
3642	16
3643	16
3644	16
3645	16
3646	16
3647	16
3648	16
3649	16
3650	16
3651	16
3652	16
3653	16
3654	16
3655	16
3656	16
3657	16
3658	16
3659	16
3660	16
3661	16
3662	16
3663	16
3664	16
3665	16
3666	16
3667	17
3668	17
3669	16
3670	16
3671	16
3672	16
3673	16
3674	16
3675	16
3676	16
3677	16
3678	16
3679	16
3680	16
3681	17
3682	17
3683	16
3684	16
3685	16
3686	16
3687	16
3688	16
3689	16
3690	16
3691	16
3692	16
3693	16
3694	16
3695	16
3696	16
3697	16
3698	16
3699	16
3700	16
3701	16
3702	16
3703	16
3704	16
3705	16
3706	16
3707	16
3708	16
3709	16
3710	16
3711	16
3712	16
3713	16
3714	16
3715	16
3716	16
3717	16
3718	16
3719	16
3720	16
3721	16
3722	16
3723	16
3724	17
3725	16
3726	16
3727	16
3728	16
3729	16
3730	16
3731	16
3732	16
3733	16
3734	16
3735	16
3736	16
3737	16
3738	16
3739	16
3740	16
3741	16
3742	16
3743	16
3744	16
3745	16
3746	16
3747	16
3748	16
3749	16
3750	16
3751	16
3752	16
3753	16
3754	16
3755	16
3756	16
3757	16
3758	16
3759	16
3760	16
3761	17
3762	17
3763	16
3764	16
3765	16
3766	16
3767	16
3768	16
3769	17
3770	16
3771	16
3772	16
3773	16
3774	16
3775	16
3776	16
3777	16
3778	16
3779	16
3780	16
3781	16
3782	16
3783	16
3784	16
3785	16
3786	16
3787	16
3788	16
3789	16
3790	16
3791	16
3792	16
3793	16
3794	16
3795	16
3796	16
3797	16
3798	16
3799	16
3800	16
3801	16
3802	16
3803	16
3804	16
3805	16
3806	16
3807	16
3808	16
3809	16
3810	16
3811	16
3812	16
3813	17
3814	16
3815	16
3816	16
3817	16
3818	16
3819	16
3820	16
3821	16
3822	16
3823	16
3824	16
3825	17
3826	16
3827	16
3828	16
3829	16
3830	16
3831	16
3832	16
3833	16
3834	16
3835	16
3836	16
3837	16
3838	16
3839	16
3840	16
3841	16
3842	16
3843	16
3844	16
3845	17
3846	17
3847	17
3848	17
3849	17
3850	17
3851	16
3852	16
3853	16
3854	16
3855	16
3856	16
3857	16
3858	16
3859	16
3860	16
3861	16
3862	16
3863	16
3864	16
3865	16
3866	16
3867	16
3868	16
3869	16
3870	16
3871	16
3872	16
3873	16
3874	16
3875	16
3876	16
3877	16
3878	16
3879	16
3880	16
3881	16
3882	16
3883	16
3884	16
3885	16
3886	16
3887	16
3888	16
3889	16
3890	16
3891	16
3892	16
3893	16
3894	16
3895	16
3896	16
3897	16
3898	16
3899	16
3900	16
3901	16
3902	16
3903	16
3904	16
3905	16
3906	16
3907	17
3908	16
3909	16
3910	16
3911	16
3912	16
3913	16
3914	16
3915	16
3916	16
3917	16
3918	16
3919	16
3920	16
3921	16
3922	16
3923	16
3924	16
3925	16
3926	16
3927	16
3928	16
3929	16
3930	16
3931	16
3932	16
3933	16
3934	16
3935	16
3936	16
3937	16
3938	16
3939	16
3940	16
3941	16
3942	16
3943	16
3944	16
3945	17
3946	17
3947	17
3948	17
3949	17
3950	17
3951	17
3952	17
3953	17
3954	17
3955	17
3956	17
3957	18
3958	17
3959	17
3960	16
3961	16
3962	16
3963	16
3964	16
3965	16
3966	16
3967	16
3968	16
3969	16
3970	16
3971	16
3972	16
3973	16
3974	16
3975	16
3976	16
3977	16
3978	16
3979	16
3980	16
3981	16
3982	16
3983	16
3984	16
3985	16
3986	16
3987	16
3988	16
3989	16
3990	16
3991	17
3992	17
3993	17
3994	18
3995	18
3996	18
3997	18
3998	18
3999	18
4000	18
4001	17
4002	17
4003	17
4004	17
4005	17
4006	17
4007	17
4008	17
4009	17
4010	17
4011	17
4012	17
4013	17
4014	17
4015	17
4016	17
4017	17
4018	17
4019	17
4020	17
4021	17
4022	17
4023	17
4024	17
4025	17
4026	17
4027	17
4028	18
4029	18
4030	18
4031	18
4032	18
4033	18
4034	18
4035	18
4036	18
4037	18
4038	18
4039	18
4040	18
4041	18
4042	18
4043	18
4044	18
4045	18
4046	18
4047	18
4048	18
4049	18
4050	18
4051	18
4052	18
4053	18
4054	18
4055	18
4056	18
4057	18
4058	18
4059	19
4060	19
4061	19
4062	18
4063	18
4064	18
4065	18
4066	19
4067	18
4068	18
4069	18
4070	18
4071	18
4072	18
4073	18
4074	18
4075	18
4076	18
4077	18
4078	18
4079	18
4080	19
4081	18
4082	18
4083	18
4084	18
4085	18
4086	18
4087	18
4088	18
4089	18
4090	18
4091	18
4092	18
4093	18
4094	18
4095	18
4096	18
4097	18
4098	18
4099	18
4100	18
4101	18
4102	18
4103	18
4104	18
4105	18
4106	18
4107	18
4108	18
4109	18
4110	18
4111	18
4112	18
4113	18
4114	18
4115	18
4116	18
4117	18
4118	18
4119	18
4120	18
4121	18
4122	18
4123	18
4124	18
4125	18
4126	18
4127	18
4128	18
4129	18
4130	18
4131	18
4132	18
4133	18
4134	18
4135	18
4136	18
4137	18
4138	18
4139	18
4140	18
4141	19
4142	19
4143	19
4144	19
4145	19
4146	19
4147	19
4148	19
4149	19
4150	19
4151	19
4152	19
4153	19
4154	19
4155	19
4156	19
4157	19
4158	19
4159	19
4160	19
4161	19
4162	19
4163	19
4164	19
4165	19
4166	19
4167	19
4168	19
4169	19
4170	20
4171	19
4172	19
4173	19
4174	19
4175	19
4176	19
4177	19
4178	19
4179	19
4180	19
4181	19
4182	19
4183	19
4184	19
4185	19
4186	19
4187	19
4188	19
4189	20
4190	20
4191	20
4192	20
4193	20
4194	20
4195	19
4196	19
4197	19
4198	19
4199	19
4200	19
4201	19
4202	19
4203	19
4204	19
4205	19
4206	19
4207	19
4208	19
4209	19
4210	19
4211	19
4212	19
4213	19
4214	19
4215	19
4216	19
4217	19
4218	19
4219	19
4220	19
4221	19
4222	19
4223	19
4224	19
4225	19
4226	19
4227	19
4228	19
4229	19
4230	19
4231	19
4232	19
4233	19
4234	19
4235	19
4236	19
4237	19
4238	19
4239	19
4240	19
4241	19
4242	20
4243	20
4244	20
4245	20
4246	21
4247	21
4248	21
4249	21
4250	21
4251	21
4252	20
4253	20
4254	20
4255	20
4256	20
4257	20
4258	20
4259	20
4260	20
4261	20
4262	20
4263	20
4264	20
4265	20
4266	20
4267	19
4268	19
4269	19
4270	19
4271	19
4272	19
4273	19
4274	19
4275	19
4276	19
4277	19
4278	19
4279	19
4280	19
4281	19
4282	19
4283	19
4284	19
4285	19
4286	19
4287	19
4288	19
4289	19
4290	19
4291	19
4292	19
4293	19
4294	19
4295	19
4296	19
4297	19
4298	19
4299	19
4300	19
4301	19
4302	19
4303	19
4304	19
4305	19
4306	19
4307	19
4308	19
4309	19
4310	19
4311	19
4312	19
4313	19
4314	19
4315	19
4316	19
4317	19
4318	20
4319	19
4320	19
4321	19
4322	19
4323	19
4324	19
4325	19
4326	19
4327	19
4328	19
4329	19
4330	19
4331	19
4332	19
4333	19
4334	19
4335	19
4336	19
4337	19
4338	19
4339	19
4340	19
4341	19
4342	19
4343	19
4344	19
4345	19
4346	20
4347	19
4348	19
4349	19
4350	19
4351	19
4352	19
4353	19
4354	19
4355	19
4356	19
4357	19
4358	19
4359	19
4360	19
4361	19
4362	19
4363	19
4364	19
4365	19
4366	19
4367	19
4368	19
4369	20
4370	19
4371	19
4372	19
4373	19
4374	19
4375	19
4376	20
4377	19
4378	20
4379	20
4380	20
4381	20
4382	20
4383	20
4384	20
4385	19
4386	19
4387	19
4388	19
4389	19
4390	19
4391	19
4392	19
4393	19
4394	19
4395	19
4396	19
4397	19
4398	19
4399	19
4400	19
4401	19
4402	19
4403	19
4404	19
4405	19
4406	19
4407	19
4408	19
4409	19
4410	19
4411	19
4412	19
4413	19
4414	19
4415	19
4416	19
4417	20
4418	20
4419	19
4420	20
4421	20
4422	20
4423	20
4424	19
4425	19
4426	19
4427	19
4428	19
4429	19
4430	19
4431	19
4432	19
4433	19
4434	19
4435	19
4436	19
4437	19
4438	19
4439	19
4440	19
4441	19
4442	19
4443	19
4444	19
4445	19
4446	19
4447	19
4448	19
4449	19
4450	19
4451	19
4452	19
4453	19
4454	19
4455	19
4456	19
4457	19
4458	19
4459	20
4460	19
4461	19
4462	19
4463	19
4464	19
4465	19
4466	19
4467	19
4468	19
4469	19
4470	19
4471	19
4472	19
4473	19
4474	19
4475	19
4476	19
4477	19
4478	19
4479	19
4480	19
4481	19
4482	19
4483	19
4484	20
4485	20
4486	20
4487	21
4488	21
4489	20
4490	20
4491	20
4492	20
4493	21
4494	21
4495	20
4496	20
4497	20
4498	20
4499	20
4500	20
4501	20
4502	20
4503	20
4504	20
4505	20
4506	20
4507	20
4508	20
4509	20
4510	20
4511	20
4512	20
4513	20
4514	20
4515	20
4516	20
4517	20
4518	20
4519	20
4520	20
4521	20
4522	20
4523	20
4524	20
4525	20
4526	20
4527	20
4528	20
4529	20
4530	20
4531	21
4532	20
4533	20
4534	20
4535	19
4536	19
4537	19
4538	19
4539	19
4540	19
4541	19
4542	19
4543	19
4544	19
4545	19
4546	19
4547	19
4548	19
4549	19
4550	19
4551	19
4552	20
4553	21
4554	21
4555	19
4556	19
4557	19
4558	19
4559	19
4560	19
4561	19
4562	19
4563	19
4564	19
4565	20
4566	19
4567	19
4568	19
4569	19
4570	19
4571	19
4572	19
4573	19
4574	19
4575	19
4576	19
4577	19
4578	19
4579	19
4580	19
4581	19
4582	19
4583	19
4584	19
4585	19
4586	19
4587	19
4588	19
4589	20
4590	21
4591	22
4592	22
4593	21
4594	21
4595	20
4596	20
4597	19
4598	19
4599	19
4600	19
4601	19
4602	19
4603	19
4604	19
4605	19
4606	19
4607	18
4608	18
4609	18
4610	18
4611	18
4612	18
4613	18
4614	18
4615	18
4616	18
4617	18
4618	18
4619	18
4620	18
4621	19
4622	18
4623	18
4624	18
4625	18
4626	18
4627	18
4628	19
4629	19
4630	19
4631	18
4632	18
4633	18
4634	18
4635	18
4636	18
4637	18
4638	18
4639	18
4640	18
4641	18
4642	18
4643	18
4644	18
4645	18
4646	18
4647	18
4648	18
4649	18
4650	18
4651	18
4652	18
4653	19
4654	19
4655	19
4656	19
4657	19
4658	19
4659	19
4660	18
4661	19
4662	19
4663	18
4664	18
4665	18
4666	18
4667	18
4668	18
4669	18
4670	18
4671	18
4672	18
4673	19
4674	19
4675	19
4676	19
4677	18
4678	18
4679	19
4680	19
4681	19
4682	19
4683	19
4684	19
4685	20
4686	18
4687	18
4688	18
4689	18
4690	18
4691	18
4692	18
4693	18
4694	18
4695	18
4696	18
4697	18
4698	18
4699	18
4700	18
4701	18
4702	18
4703	18
4704	18
4705	18
4706	18
4707	18
4708	18
4709	18
4710	18
4711	18
4712	18
4713	18
4714	18
4715	18
4716	18
4717	18
4718	18
4719	18
4720	18
4721	18
4722	18
4723	18
4724	18
4725	18
4726	18
4727	18
4728	18
4729	18
4730	18
4731	18
4732	19
4733	19
4734	19
4735	19
4736	18
4737	18
4738	18
4739	18
4740	18
4741	18
4742	18
4743	18
4744	18
4745	18
4746	18
4747	18
4748	18
4749	18
4750	18
4751	18
4752	18
4753	18
4754	18
4755	18
4756	18
4757	18
4758	19
4759	19
4760	19
4761	19
4762	19
4763	19
4764	19
4765	19
4766	19
4767	19
4768	19
4769	19
4770	19
4771	19
4772	19
4773	19
4774	19
4775	19
4776	18
4777	18
4778	18
4779	18
4780	18
4781	18
4782	18
4783	18
4784	18
4785	18
4786	18
4787	18
4788	18
4789	19
4790	19
4791	19
4792	19
4793	18
4794	18
4795	18
4796	18
4797	18
4798	18
4799	18
4800	18
4801	18
4802	19
4803	19
4804	18
4805	18
4806	18
4807	18
4808	18
4809	18
4810	19
4811	19
4812	18
4813	18
4814	18
4815	18
4816	18
4817	18
4818	18
4819	18
4820	18
4821	18
4822	18
4823	18
4824	18
4825	18
4826	18
4827	18
4828	18
4829	18
4830	18
4831	18
4832	18
4833	18
4834	18
4835	18
4836	18
4837	18
4838	18
4839	18
4840	18
4841	18
4842	18
4843	18
4844	18
4845	18
4846	18
4847	18
4848	18
4849	18
4850	18
4851	18
4852	18
4853	18
4854	18
4855	18
4856	18
4857	18
4858	18
4859	18
4860	18
4861	18
4862	18
4863	18
4864	18
4865	18
4866	18
4867	18
4868	18
4869	18
4870	18
4871	18
4872	18
4873	18
4874	18
4875	18
4876	18
4877	18
4878	18
4879	18
4880	18
4881	18
4882	18
4883	18
4884	18
4885	18
4886	18
4887	18
4888	19
4889	18
4890	18
4891	18
4892	18
4893	18
4894	18
4895	18
4896	18
4897	18
4898	18
4899	18
4900	18
4901	18
4902	18
4903	18
4904	18
4905	18
4906	18
4907	18
4908	18
4909	18
4910	18
4911	18
4912	18
4913	18
4914	18
4915	18
4916	18
4917	18
4918	18
4919	18
4920	18
4921	19
4922	19
4923	19
4924	19
4925	19
4926	19
4927	19
4928	18
4929	18
4930	18
4931	18
4932	18
4933	18
4934	18
4935	18
4936	18
4937	19
4938	19
4939	18
4940	18
4941	18
4942	18
4943	18
4944	18
4945	18
4946	18
4947	18
4948	18
4949	18
4950	18
4951	18
4952	18
4953	18
4954	18
4955	18
4956	18
4957	18
4958	18
4959	18
4960	18
4961	18
4962	18
4963	18
4964	18
4965	18
4966	18
4967	18
4968	18
4969	18
4970	18
4971	18
4972	18
4973	18
4974	18
4975	18
4976	18
4977	18
4978	18
4979	18
4980	18
4981	18
4982	18
4983	18
4984	18
4985	18
4986	18
4987	18
4988	18
4989	18
4990	18
4991	18
4992	18
4993	18
4994	18
4995	18
4996	18
4997	18
4998	18
4999	18
5000	18
5001	18
5002	18
5003	18
5004	18
5005	18
5006	18
5007	18
5008	18
5009	18
5010	18
5011	18
5012	18
5013	18
5014	18
5015	18
5016	18
5017	18
5018	18
5019	18
5020	18
5021	18
5022	18
5023	18
5024	18
5025	18
5026	18
5027	19
5028	19
5029	19
5030	18
5031	18
5032	18
5033	18
5034	18
5035	18
5036	19
5037	18
5038	18
5039	18
5040	19
5041	19
5042	18
5043	18
5044	18
5045	18
5046	18
5047	18
5048	18
5049	18
5050	18
5051	18
5052	18
5053	18
5054	18
5055	18
5056	18
5057	18
5058	18
5059	18
5060	18
5061	18
5062	18
5063	18
5064	18
5065	18
5066	18
5067	18
5068	18
5069	18
5070	18
5071	18
5072	18
5073	18
5074	18
5075	18
5076	19
5077	19
5078	19
5079	19
5080	19
5081	19
5082	19
5083	19
5084	19
5085	19
5086	19
5087	19
5088	19
5089	19
5090	19
5091	19
5092	19
5093	19
5094	19
5095	19
5096	19
5097	19
5098	19
5099	19
5100	20
5101	19
5102	19
5103	19
5104	19
5105	19
5106	19
5107	19
5108	20
5109	20
5110	20
5111	20
5112	19
5113	19
5114	19
5115	19
5116	19
5117	19
5118	19
5119	19
5120	19
5121	19
5122	19
5123	19
5124	19
5125	19
5126	19
5127	19
5128	19
5129	19
5130	19
5131	19
5132	19
5133	19
5134	20
5135	20
5136	20
5137	20
5138	20
5139	20
5140	19
5141	19
5142	19
5143	19
5144	19
5145	19
5146	19
5147	19
5148	19
5149	20
5150	19
5151	20
5152	20
5153	19
5154	19
5155	19
5156	19
5157	19
5158	19
5159	19
5160	19
5161	19
5162	18
5163	18
5164	18
5165	18
5166	18
5167	18
5168	18
5169	18
5170	18
5171	18
5172	18
5173	18
5174	18
5175	18
5176	18
5177	18
5178	18
5179	18
5180	18
5181	18
5182	18
5183	18
5184	18
5185	18
5186	18
5187	19
5188	20
5189	20
5190	20
5191	20
5192	18
5193	18
5194	18
5195	18
5196	18
5197	18
5198	18
5199	18
5200	18
5201	18
5202	18
5203	18
5204	18
5205	18
5206	18
5207	18
5208	19
5209	19
5210	18
5211	18
5212	18
5213	18
5214	18
5215	18
5216	18
5217	18
5218	18
5219	18
5220	18
5221	18
5222	18
5223	18
5224	18
5225	18
5226	18
5227	18
5228	18
5229	18
5230	18
5231	18
5232	18
5233	18
5234	18
5235	18
5236	18
5237	18
5238	18
5239	18
5240	18
5241	18
5242	18
5243	18
5244	18
5245	19
5246	18
5247	18
5248	18
5249	18
5250	18
5251	18
5252	18
5253	18
5254	18
5255	18
5256	18
5257	18
5258	18
5259	18
5260	18
5261	18
5262	18
5263	18
5264	18
5265	18
5266	18
5267	18
5268	18
5269	18
5270	18
5271	18
5272	18
5273	18
5274	18
5275	18
5276	18
5277	18
5278	18
5279	18
5280	18
5281	19
5282	18
5283	18
5284	18
5285	18
5286	18
5287	18
5288	18
5289	18
5290	18
5291	18
5292	18
5293	18
5294	18
5295	18
5296	18
5297	18
5298	18
5299	18
5300	18
5301	18
5302	18
5303	18
5304	18
5305	18
5306	18
5307	18
5308	18
5309	18
5310	18
5311	18
5312	18
5313	18
5314	18
5315	18
5316	18
5317	18
5318	18
5319	18
5320	18
5321	18
5322	18
5323	18
5324	21
5325	21
5326	20
5327	20
5328	19
5329	19
5330	19
5331	19
5332	19
5333	19
5334	19
5335	19
5336	19
5337	19
5338	20
5339	20
5340	20
5341	20
5342	20
5343	20
5344	20
5345	20
5346	20
5347	20
5348	20
5349	19
5350	19
5351	19
5352	19
5353	19
5354	19
5355	18
5356	18
5357	18
5358	18
5359	18
5360	18
5361	18
5362	18
5363	18
5364	18
5365	18
5366	18
5367	18
5368	18
5369	18
5370	18
5371	18
5372	18
5373	18
5374	18
5375	18
5376	18
5377	18
5378	18
5379	18
5380	18
5381	18
5382	18
5383	19
5384	19
5385	20
5386	20
5387	20
5388	19
5389	18
5390	18
5391	18
5392	18
5393	18
5394	18
5395	18
5396	18
5397	18
5398	18
5399	18
5400	18
5401	18
5402	18
5403	18
5404	18
5405	18
5406	18
5407	18
5408	18
5409	18
5410	18
5411	18
5412	18
5413	18
5414	18
5415	18
5416	18
5417	18
5418	18
5419	18
5420	18
5421	18
5422	18
5423	18
5424	18
5425	18
5426	18
5427	18
5428	18
5429	18
5430	18
5431	18
5432	18
5433	18
5434	18
5435	18
5436	18
5437	18
5438	18
5439	18
5440	18
5441	18
5442	18
5443	18
5444	18
5445	18
5446	18
5447	18
5448	18
5449	18
5450	18
5451	18
5452	18
5453	18
5454	18
5455	18
5456	18
5457	18
5458	18
5459	18
5460	19
5461	19
5462	19
5463	19
5464	19
5465	19
5466	19
5467	19
5468	19
5469	19
5470	19
5471	19
5472	19
5473	18
5474	18
5475	18
5476	19
5477	19
5478	19
5479	18
5480	18
5481	18
5482	18
5483	18
5484	19
5485	19
5486	18
5487	18
5488	18
5489	18
5490	18
5491	18
5492	18
5493	18
5494	18
5495	18
5496	18
5497	18
5498	18
5499	18
5500	18
5501	18
5502	18
5503	18
5504	18
5505	18
5506	18
5507	18
5508	18
5509	18
5510	18
5511	18
5512	18
5513	18
5514	18
5515	18
5516	18
5517	18
5518	18
5519	18
5520	18
5521	18
5522	18
5523	18
5524	18
5525	18
5526	18
5527	18
5528	18
5529	18
5530	19
5531	18
5532	18
5533	18
5534	18
5535	18
5536	19
5537	19
5538	19
5539	19
5540	19
5541	19
5542	19
5543	19
5544	19
5545	19
5546	19
5547	19
5548	19
5549	19
5550	19
5551	19
5552	19
5553	19
5554	20
5555	20
5556	20
5557	20
5558	20
5559	20
5560	20
5561	20
5562	20
5563	20
5564	20
5565	20
5566	19
5567	19
5568	19
5569	19
5570	20
5571	20
5572	20
5573	20
5574	21
5575	21
5576	20
5577	20
5578	20
5579	20
5580	20
5581	20
5582	20
5583	20
5584	19
5585	20
5586	21
5587	21
5588	21
5589	22
5590	22
5591	21
5592	21
5593	21
5594	21
5595	21
5596	20
5597	20
5598	20
5599	20
5600	20
5601	20
5602	20
5603	20
5604	20
5605	20
5606	20
5607	20
5608	20
5609	20
5610	20
5611	20
5612	20
5613	20
5614	19
5615	18
5616	18
5617	18
5618	18
5619	19
5620	19
5621	18
5622	18
5623	18
5624	18
5625	18
5626	18
5627	18
5628	18
5629	18
5630	18
5631	18
5632	18
5633	18
5634	18
5635	18
5636	18
5637	18
5638	18
5639	18
5640	19
5641	18
5642	18
5643	18
5644	18
5645	18
5646	18
5647	18
5648	18
5649	18
5650	18
5651	18
5652	18
5653	18
5654	18
5655	18
5656	18
5657	18
5658	18
5659	18
5660	18
5661	18
5662	18
5663	18
5664	18
5665	18
5666	18
5667	18
5668	18
5669	18
5670	18
5671	18
5672	18
5673	18
5674	18
5675	18
5676	18
5677	18
5678	18
5679	19
5680	18
5681	18
5682	18
5683	18
5684	18
5685	18
5686	18
5687	18
5688	18
5689	18
5690	18
5691	18
5692	18
5693	18
5694	18
5695	18
5696	18
5697	18
5698	18
5699	18
5700	18
5701	18
5702	18
5703	18
5704	18
5705	18
5706	18
5707	18
5708	18
5709	18
5710	18
5711	18
5712	18
5713	18
5714	18
5715	18
5716	19
5717	18
5718	18
5719	18
5720	18
5721	18
5722	18
5723	18
5724	18
5725	18
5726	18
5727	18
5728	18
5729	18
5730	18
5731	18
5732	18
5733	18
5734	18
5735	18
5736	18
5737	18
5738	18
5739	18
5740	18
5741	18
5742	18
5743	18
5744	18
5745	18
5746	18
5747	18
5748	18
5749	18
5750	18
5751	18
5752	18
5753	18
5754	19
5755	19
5756	19
5757	19
5758	19
5759	20
5760	20
5761	20
5762	20
5763	20
5764	20
5765	20
5766	20
5767	19
5768	19
5769	19
5770	19
5771	18
5772	18
5773	18
5774	18
5775	18
5776	18
5777	18
5778	18
5779	18
5780	18
5781	18
5782	18
5783	18
5784	18
5785	18
5786	18
5787	18
5788	18
5789	18
5790	18
5791	18
5792	18
5793	18
5794	18
5795	18
5796	18
5797	18
5798	18
5799	18
5800	18
5801	19
5802	19
5803	19
5804	19
5805	19
5806	19
5807	19
5808	19
5809	19
5810	19
5811	19
5812	19
5813	19
5814	19
5815	19
5816	19
5817	19
5818	19
5819	19
5820	19
5821	19
5822	19
5823	19
5824	19
5825	19
5826	19
5827	19
5828	18
5829	18
5830	18
5831	18
5832	18
5833	18
5834	18
5835	18
5836	18
5837	18
5838	18
5839	18
5840	18
5841	18
5842	19
5843	19
5844	18
5845	18
5846	18
5847	18
5848	18
5849	18
5850	18
5851	18
5852	18
5853	18
5854	18
5855	18
5856	18
5857	18
5858	18
5859	18
5860	18
5861	18
5862	18
5863	18
5864	18
5865	18
5866	18
5867	18
5868	18
5869	18
5870	18
5871	19
5872	19
5873	18
5874	18
5875	18
5876	18
5877	18
5878	18
5879	18
5880	18
5881	18
5882	18
5883	18
5884	18
5885	18
5886	18
5887	18
5888	18
5889	18
5890	18
5891	18
5892	18
5893	18
5894	18
5895	18
5896	18
5897	18
5898	18
5899	18
5900	18
5901	18
5902	18
5903	18
5904	18
5905	18
5906	18
5907	18
5908	18
5909	18
5910	18
5911	18
5912	18
5913	18
5914	18
5915	18
5916	18
5917	18
5918	18
5919	19
5920	19
5921	19
5922	19
5923	19
5924	19
5925	19
5926	18
5927	18
5928	18
5929	18
5930	18
5931	18
5932	18
5933	18
5934	18
5935	18
5936	18
5937	18
5938	18
5939	18
5940	18
5941	18
5942	18
5943	18
5944	18
5945	18
5946	18
5947	18
5948	18
5949	18
5950	18
5951	18
5952	18
5953	18
5954	19
5955	19
5956	19
5957	18
5958	18
5959	18
5960	18
5961	18
5962	18
5963	18
5964	19
5965	19
5966	19
5967	19
5968	19
5969	19
5970	19
5971	19
5972	18
5973	18
5974	18
5975	18
5976	18
5977	18
5978	18
5979	18
5980	18
5981	18
5982	18
5983	18
5984	18
5985	18
5986	18
5987	18
5988	18
5989	18
5990	18
5991	18
5992	18
5993	18
5994	18
5995	18
5996	18
5997	18
5998	18
5999	18
6000	18
6001	18
6002	18
6003	18
6004	18
6005	18
6006	18
6007	18
6008	18
6009	18
6010	18
6011	18
6012	18
6013	18
6014	19
6015	18
6016	18
6017	18
6018	18
6019	19
6020	19
6021	19
6022	19
6023	19
6024	18
6025	18
6026	18
6027	18
6028	18
6029	18
6030	18
6031	18
6032	18
6033	19
6034	18
6035	18
6036	18
6037	18
6038	18
6039	18
6040	18
6041	18
6042	18
6043	18
6044	18
6045	18
6046	18
6047	18
6048	18
6049	18
6050	18
6051	18
6052	18
6053	18
6054	18
6055	18
6056	18
6057	18
6058	18
6059	18
6060	18
6061	18
6062	18
6063	18
6064	18
6065	18
6066	18
6067	18
6068	18
6069	18
6070	18
6071	18
6072	18
6073	18
6074	19
6075	19
6076	19
6077	19
6078	19
6079	19
6080	19
6081	18
6082	18
6083	18
6084	18
6085	18
6086	18
6087	18
6088	18
6089	18
6090	18
6091	18
6092	18
6093	18
6094	18
6095	18
6096	18
6097	18
6098	18
6099	18
6100	18
6101	18
6102	18
6103	18
6104	18
6105	18
6106	18
6107	18
6108	18
6109	18
6110	18
6111	18
6112	18
6113	18
6114	18
6115	18
6116	18
6117	18
6118	18
6119	18
6120	18
6121	18
6122	18
6123	18
6124	18
6125	18
6126	18
6127	18
6128	18
6129	18
6130	19
6131	19
6132	19
6133	18
6134	18
6135	18
6136	18
6137	18
6138	18
6139	18
6140	18
6141	18
6142	18
6143	18
6144	18
6145	18
6146	18
6147	18
6148	18
6149	18
6150	18
6151	18
6152	18
6153	18
6154	18
6155	18
6156	18
6157	18
6158	18
6159	18
6160	18
6161	18
6162	18
6163	18
6164	19
6165	19
6166	19
6167	18
6168	18
6169	18
6170	18
6171	18
6172	19
6173	19
6174	20
6175	20
6176	20
6177	20
6178	19
6179	19
6180	19
6181	19
6182	19
6183	19
6184	18
6185	18
6186	18
6187	18
6188	18
6189	18
6190	18
6191	18
6192	18
6193	18
6194	18
6195	18
6196	18
6197	18
6198	18
6199	18
6200	18
6201	18
6202	18
6203	18
6204	18
6205	18
6206	18
6207	18
6208	18
6209	18
6210	18
6211	18
6212	18
6213	18
6214	18
6215	18
6216	18
6217	18
6218	18
6219	18
6220	18
6221	18
6222	18
6223	19
6224	19
6225	19
6226	18
6227	18
6228	19
6229	19
6230	19
6231	19
6232	19
6233	19
6234	19
6235	19
6236	19
6237	20
6238	20
6239	19
6240	19
6241	19
6242	19
6243	19
6244	19
6245	19
6246	19
6247	19
6248	19
6249	19
6250	19
6251	19
6252	19
6253	19
6254	19
6255	19
6256	19
6257	19
6258	19
6259	19
6260	19
6261	19
6262	19
6263	19
6264	19
6265	18
6266	18
6267	18
6268	18
6269	18
6270	18
6271	18
6272	18
6273	18
6274	18
6275	18
6276	18
6277	18
6278	18
6279	19
6280	19
6281	19
6282	19
6283	18
6284	18
6285	18
6286	18
6287	18
6288	18
6289	18
6290	18
6291	18
6292	18
6293	18
6294	18
6295	18
6296	18
6297	18
6298	18
6299	18
6300	18
6301	18
6302	18
6303	18
6304	18
6305	18
6306	18
6307	18
6308	18
6309	18
6310	18
6311	19
6312	19
6313	20
6314	19
6315	19
6316	19
6317	19
6318	19
6319	19
6320	19
6321	19
6322	19
6323	19
6324	19
6325	19
6326	19
6327	19
6328	19
6329	19
6330	19
6331	19
6332	19
6333	19
6334	19
6335	19
6336	19
6337	19
6338	20
6339	19
6340	19
6341	19
6342	19
6343	19
6344	19
6345	19
6346	19
6347	19
6348	19
6349	19
6350	19
6351	19
6352	19
6353	19
6354	19
6355	19
6356	19
6357	19
6358	19
6359	19
6360	19
6361	19
6362	19
6363	19
6364	19
6365	19
6366	19
6367	19
6368	19
6369	19
6370	19
6371	19
6372	19
6373	19
6374	19
6375	19
6376	19
6377	19
6378	20
6379	20
6380	20
6381	20
6382	20
6383	19
6384	19
6385	19
6386	19
6387	19
6388	19
6389	19
6390	19
6391	19
6392	19
6393	19
6394	19
6395	19
6396	19
6397	19
6398	19
6399	19
6400	19
6401	19
6402	19
6403	19
6404	19
6405	19
6406	19
6407	19
6408	19
6409	19
6410	19
6411	19
6412	19
6413	19
6414	19
6415	19
6416	19
6417	19
6418	19
6419	19
6420	20
6421	20
6422	20
6423	20
6424	19
6425	19
6426	19
6427	19
6428	19
6429	20
6430	20
6431	19
6432	19
6433	20
6434	20
6435	20
6436	20
6437	19
6438	20
6439	20
6440	20
6441	20
6442	19
6443	19
6444	19
6445	19
6446	19
6447	19
6448	19
6449	19
6450	19
6451	19
6452	19
6453	19
6454	19
6455	19
6456	19
6457	19
6458	19
6459	19
6460	20
6461	20
6462	20
6463	20
6464	20
6465	20
6466	20
6467	20
6468	20
6469	19
6470	19
6471	19
6472	19
6473	19
6474	19
6475	19
6476	19
6477	19
6478	19
6479	19
6480	19
6481	19
6482	19
6483	19
6484	19
6485	19
6486	19
6487	19
6488	19
6489	19
6490	19
6491	19
6492	19
6493	19
6494	19
6495	19
6496	19
6497	19
6498	19
6499	19
6500	19
6501	19
6502	19
6503	19
6504	19
6505	19
6506	19
6507	19
6508	20
6509	20
6510	20
6511	20
6512	20
6513	20
6514	20
6515	19
6516	19
6517	19
6518	19
6519	19
6520	19
6521	19
6522	19
6523	19
6524	19
6525	19
6526	19
6527	19
6528	19
6529	19
6530	19
6531	19
6532	19
6533	20
6534	19
6535	19
6536	19
6537	19
6538	19
6539	19
6540	19
6541	19
6542	19
6543	19
6544	19
6545	19
6546	19
6547	19
6548	19
6549	19
6550	19
6551	19
6552	19
6553	19
6554	19
6555	19
6556	19
6557	19
6558	19
6559	19
6560	19
6561	19
6562	19
6563	19
6564	19
6565	19
6566	19
6567	19
6568	19
6569	19
6570	19
6571	19
6572	20
6573	19
6574	19
6575	19
6576	19
6577	19
6578	19
6579	19
6580	19
6581	19
6582	19
6583	19
6584	19
6585	19
6586	19
6587	19
6588	19
6589	19
6590	19
6591	19
6592	19
6593	19
6594	19
6595	19
6596	19
6597	19
6598	19
6599	20
6600	19
6601	19
6602	19
6603	19
6604	19
6605	19
6606	19
6607	19
6608	19
6609	19
6610	19
6611	19
6612	19
6613	19
6614	19
6615	19
6616	19
6617	19
6618	19
6619	19
6620	19
6621	19
6622	19
6623	19
6624	19
6625	19
6626	19
6627	19
6628	19
6629	19
6630	19
6631	19
6632	19
6633	19
6634	19
6635	19
6636	19
6637	19
6638	19
6639	19
6640	19
6641	19
6642	19
6643	19
6644	19
6645	19
6646	19
6647	19
6648	19
6649	19
6650	19
6651	19
6652	19
6653	19
6654	19
6655	19
6656	19
6657	19
6658	19
6659	19
6660	19
6661	19
6662	19
6663	19
6664	19
6665	19
6666	19
6667	19
6668	19
6669	19
6670	19
6671	19
6672	19
6673	19
6674	20
6675	20
6676	20
6677	20
6678	20
6679	20
6680	20
6681	20
6682	20
6683	20
6684	20
6685	20
6686	19
6687	19
6688	19
6689	19
6690	19
6691	19
6692	19
6693	19
6694	19
6695	19
6696	19
6697	20
6698	20
6699	20
6700	19
6701	19
6702	19
6703	19
6704	19
6705	19
6706	20
6707	20
6708	20
6709	20
6710	20
6711	20
6712	20
6713	20
6714	20
6715	20
6716	20
6717	20
6718	20
6719	20
6720	20
6721	21
6722	21
6723	20
6724	20
6725	20
6726	20
6727	20
6728	20
6729	20
6730	20
6731	20
6732	20
6733	20
6734	20
6735	21
6736	22
6737	22
6738	21
6739	21
6740	21
6741	21
6742	20
6743	20
6744	20
6745	20
6746	20
6747	20
6748	20
6749	20
6750	20
6751	20
6752	20
6753	20
6754	20
6755	20
6756	21
6757	21
6758	21
6759	20
6760	21
6761	21
6762	21
6763	21
6764	20
6765	20
6766	20
6767	20
6768	20
6769	20
6770	20
6771	20
6772	20
6773	19
6774	19
6775	20
6776	19
6777	19
6778	19
6779	19
6780	19
6781	19
6782	19
6783	19
6784	19
6785	19
6786	19
6787	19
6788	19
6789	19
6790	19
6791	19
6792	19
6793	19
6794	19
6795	20
6796	19
6797	19
6798	19
6799	19
6800	19
6801	19
6802	19
6803	19
6804	19
6805	19
6806	19
6807	19
6808	19
6809	19
6810	19
6811	19
6812	19
6813	19
6814	19
6815	20
6816	19
6817	19
6818	19
6819	19
6820	19
6821	19
6822	19
6823	19
6824	19
6825	20
6826	20
6827	20
6828	20
6829	20
6830	20
6831	20
6832	20
6833	20
6834	20
6835	20
6836	20
6837	20
6838	20
6839	20
6840	20
6841	20
6842	20
6843	20
6844	20
6845	20
6846	20
6847	20
6848	20
6849	20
6850	20
6851	19
6852	18
6853	18
6854	18
6855	18
6856	18
6857	18
6858	18
6859	18
6860	18
6861	18
6862	18
6863	18
6864	18
6865	18
6866	18
6867	18
6868	18
6869	18
6870	18
6871	18
6872	18
6873	18
6874	18
6875	18
6876	18
6877	18
6878	18
6879	18
6880	18
6881	18
6882	18
6883	18
6884	18
6885	18
6886	18
6887	18
6888	19
6889	19
6890	19
6891	19
6892	19
6893	18
6894	18
6895	18
6896	18
6897	18
6898	18
6899	18
6900	18
6901	18
6902	18
6903	18
6904	18
6905	18
6906	18
6907	18
6908	18
6909	18
6910	18
6911	18
6912	18
6913	18
6914	18
6915	18
6916	18
6917	18
6918	18
6919	18
6920	18
6921	18
6922	18
6923	18
6924	18
6925	18
6926	18
6927	18
6928	18
6929	18
6930	18
6931	18
6932	18
6933	18
6934	18
6935	18
6936	18
6937	18
6938	18
6939	18
6940	18
6941	18
6942	18
6943	18
6944	18
6945	18
6946	18
6947	18
6948	18
6949	18
6950	18
6951	18
6952	18
6953	18
6954	18
6955	18
6956	18
6957	18
6958	18
6959	18
6960	18
6961	18
6962	18
6963	18
6964	18
6965	18
6966	18
6967	18
6968	18
6969	18
6970	18
6971	18
6972	18
6973	18
6974	18
6975	18
6976	18
6977	18
6978	18
6979	18
6980	18
6981	18
6982	18
6983	18
6984	18
6985	19
6986	18
6987	18
6988	18
6989	19
6990	19
6991	19
6992	19
6993	19
6994	19
6995	19
6996	19
6997	19
6998	19
6999	20
7000	20
7001	20
7002	20
7003	20
7004	20
7005	20
7006	20
7007	20
7008	20
7009	20
7010	20
7011	20
7012	20
7013	20
7014	20
7015	20
7016	20
7017	20
7018	20
7019	20
7020	20
7021	21
7022	21
7023	21
7024	20
7025	20
7026	20
7027	20
7028	20
7029	20
7030	20
7031	20
7032	20
7033	21
7034	21
7035	21
7036	21
7037	21
7038	21
7039	21
7040	21
7041	21
7042	21
7043	21
7044	20
7045	20
7046	20
7047	21
7048	21
7049	21
7050	21
7051	21
7052	21
7053	22
7054	22
7055	22
7056	21
7057	21
7058	20
7059	20
7060	19
7061	19
7062	19
7063	19
7064	19
7065	19
7066	19
7067	19
7068	19
7069	19
7070	19
7071	19
7072	19
7073	19
7074	19
7075	19
7076	19
7077	19
7078	19
7079	19
7080	19
7081	19
7082	19
7083	19
7084	19
7085	19
7086	19
7087	19
7088	19
7089	19
7090	19
7091	19
7092	19
7093	19
7094	19
7095	19
7096	19
7097	19
7098	19
7099	19
7100	19
7101	19
7102	19
7103	19
7104	19
7105	19
7106	19
7107	19
7108	19
7109	19
7110	19
7111	19
7112	19
7113	19
7114	19
7115	19
7116	19
7117	19
7118	19
7119	19
7120	19
7121	19
7122	19
7123	19
7124	19
7125	19
7126	19
7127	19
7128	19
7129	19
7130	19
7131	19
7132	19
7133	19
7134	19
7135	19
7136	19
7137	19
7138	19
7139	20
7140	20
7141	20
7142	20
7143	20
7144	20
7145	20
7146	20
7147	19
7148	19
7149	19
7150	19
7151	19
7152	19
7153	19
7154	19
7155	19
7156	19
7157	19
7158	19
7159	19
7160	20
7161	20
7162	20
7163	20
7164	20
7165	20
7166	20
7167	20
7168	20
7169	20
7170	20
7171	20
7172	20
7173	20
7174	20
7175	20
7176	20
7177	20
7178	19
7179	19
7180	19
7181	19
7182	19
7183	19
7184	20
7185	19
7186	19
7187	19
7188	20
7189	19
7190	19
7191	19
7192	19
7193	19
7194	19
7195	19
7196	19
7197	19
7198	19
7199	19
7200	19
7201	19
7202	19
7203	19
7204	19
7205	19
7206	19
7207	19
7208	19
7209	19
7210	19
7211	19
7212	19
7213	19
7214	19
7215	19
7216	19
7217	19
7218	19
7219	19
7220	19
7221	20
7222	19
7223	19
7224	19
7225	19
7226	20
7227	19
7228	19
7229	19
7230	19
7231	20
7232	20
7233	20
7234	20
7235	20
7236	20
7237	20
7238	20
7239	20
7240	20
7241	20
7242	20
7243	20
7244	20
7245	20
7246	20
7247	20
7248	20
7249	20
7250	20
7251	20
7252	20
7253	20
7254	20
7255	20
7256	21
7257	20
7258	20
7259	20
7260	20
7261	20
7262	20
7263	20
7264	20
7265	20
7266	19
7267	19
7268	19
7269	19
7270	19
7271	19
7272	19
7273	19
7274	19
7275	20
7276	19
7277	19
7278	19
7279	19
7280	19
7281	19
7282	19
7283	19
7284	19
7285	19
7286	19
7287	19
7288	19
7289	20
7290	20
7291	20
7292	20
7293	19
7294	19
7295	19
7296	19
7297	19
7298	19
7299	19
7300	19
7301	19
7302	19
7303	19
7304	19
7305	19
7306	19
7307	19
7308	19
7309	19
7310	19
7311	19
7312	19
7313	19
7314	19
7315	19
7316	19
7317	19
7318	19
7319	19
7320	19
7321	19
7322	19
7323	19
7324	19
7325	19
7326	19
7327	19
7328	19
7329	19
7330	19
7331	19
7332	19
7333	19
7334	19
7335	19
7336	19
7337	19
7338	19
7339	19
7340	19
7341	19
7342	19
7343	19
7344	19
7345	19
7346	19
7347	19
7348	19
7349	19
7350	20
7351	19
7352	19
7353	19
7354	20
7355	20
7356	20
7357	20
7358	20
7359	20
7360	20
7361	20
7362	20
7363	20
7364	20
7365	20
7366	20
7367	20
7368	20
7369	20
7370	20
7371	20
7372	20
7373	20
7374	20
7375	20
7376	21
7377	21
7378	21
7379	21
7380	20
7381	20
7382	20
7383	20
7384	20
7385	20
7386	19
7387	19
7388	19
7389	19
7390	19
7391	19
7392	19
7393	19
7394	19
7395	19
7396	19
7397	19
7398	19
7399	19
7400	19
7401	19
7402	19
7403	19
7404	19
7405	19
7406	19
7407	19
7408	19
7409	19
7410	19
7411	19
7412	19
7413	19
7414	19
7415	19
7416	19
7417	19
7418	19
7419	19
7420	19
7421	19
7422	19
7423	19
7424	19
7425	19
7426	19
7427	19
7428	19
7429	19
7430	19
7431	19
7432	19
7433	19
7434	19
7435	19
7436	19
7437	19
7438	19
7439	19
7440	19
7441	19
7442	20
7443	20
7444	20
7445	20
7446	20
7447	19
7448	19
7449	19
7450	19
7451	19
7452	19
7453	19
7454	19
7455	19
7456	19
7457	19
7458	19
7459	19
7460	19
7461	19
7462	19
7463	19
7464	19
7465	19
7466	19
7467	19
7468	19
7469	19
7470	19
7471	19
7472	19
7473	19
7474	19
7475	19
7476	19
7477	19
7478	19
7479	19
7480	19
7481	19
7482	19
7483	19
7484	19
7485	19
7486	19
7487	20
7488	20
7489	20
7490	20
7491	19
7492	19
7493	19
7494	19
7495	19
7496	19
7497	19
7498	19
7499	19
7500	19
7501	19
7502	19
7503	19
7504	19
7505	19
7506	19
7507	19
7508	19
7509	19
7510	19
7511	19
7512	19
7513	19
7514	19
7515	19
7516	19
7517	19
7518	19
7519	20
7520	20
7521	20
7522	20
7523	20
7524	20
7525	19
7526	19
7527	19
7528	19
7529	19
7530	19
7531	19
7532	19
7533	19
7534	19
7535	19
7536	19
7537	19
7538	19
7539	19
7540	19
7541	19
7542	19
7543	19
7544	19
7545	19
7546	19
7547	19
7548	20
7549	20
7550	20
7551	20
7552	20
7553	20
7554	20
7555	20
7556	19
7557	19
7558	19
7559	19
7560	19
7561	19
7562	19
7563	19
7564	19
7565	19
7566	19
7567	19
7568	19
7569	19
7570	19
7571	19
7572	19
7573	19
7574	19
7575	19
7576	19
7577	19
7578	19
7579	19
7580	19
7581	19
7582	19
7583	19
7584	19
7585	19
7586	19
7587	19
7588	19
7589	19
7590	19
7591	19
7592	19
7593	19
7594	19
7595	19
7596	20
7597	20
7598	20
7599	19
7600	19
7601	19
7602	19
7603	19
7604	19
7605	19
7606	19
7607	19
7608	20
7609	20
7610	20
7611	20
7612	20
7613	20
7614	19
7615	19
7616	19
7617	19
7618	19
7619	19
7620	19
7621	19
7622	19
7623	19
7624	19
7625	19
7626	19
7627	19
7628	19
7629	20
7630	20
7631	19
7632	19
7633	19
7634	19
7635	19
7636	19
7637	19
7638	19
7639	19
7640	19
7641	19
7642	19
7643	19
7644	19
7645	19
7646	19
7647	19
7648	19
7649	19
7650	19
7651	19
7652	19
7653	19
7654	19
7655	19
7656	19
7657	20
7658	20
7659	20
7660	20
7661	20
7662	20
7663	19
7664	19
7665	19
7666	19
7667	19
7668	19
7669	19
7670	19
7671	19
7672	19
7673	19
7674	19
7675	19
7676	19
7677	19
7678	19
7679	19
7680	19
7681	19
7682	19
7683	19
7684	19
7685	19
7686	19
7687	19
7688	19
7689	19
7690	19
7691	19
7692	19
7693	19
7694	19
7695	19
7696	19
7697	19
7698	19
7699	19
7700	19
7701	19
7702	19
7703	19
7704	19
7705	19
7706	20
7707	20
7708	20
7709	20
7710	20
7711	20
7712	20
7713	20
7714	19
7715	19
7716	19
7717	19
7718	19
7719	19
7720	19
7721	19
7722	19
7723	19
7724	19
7725	19
7726	19
7727	19
7728	19
7729	19
7730	20
7731	20
7732	20
7733	20
7734	20
7735	20
7736	20
7737	20
7738	20
7739	20
7740	19
7741	19
7742	19
7743	19
7744	19
7745	19
7746	19
7747	19
7748	19
7749	19
7750	19
7751	19
7752	19
7753	19
7754	19
7755	19
7756	19
7757	19
7758	19
7759	19
7760	20
7761	19
7762	19
7763	19
7764	19
7765	19
7766	20
7767	20
7768	19
7769	19
7770	19
7771	19
7772	19
7773	19
7774	19
7775	19
7776	19
7777	19
7778	19
7779	19
7780	19
7781	19
7782	19
7783	20
7784	20
7785	20
7786	20
7787	20
7788	20
7789	20
7790	20
7791	19
7792	19
7793	19
7794	19
7795	19
7796	19
7797	19
7798	19
7799	19
7800	20
7801	19
7802	19
7803	20
7804	20
7805	19
7806	19
7807	19
7808	19
7809	19
7810	19
7811	19
7812	19
7813	19
7814	19
7815	19
7816	19
7817	19
7818	19
7819	19
7820	19
7821	19
7822	19
7823	19
7824	19
7825	19
7826	20
7827	20
7828	20
7829	20
7830	20
7831	19
7832	19
7833	19
7834	19
7835	19
7836	19
7837	19
7838	19
7839	19
7840	19
7841	19
7842	19
7843	19
7844	19
7845	19
7846	19
7847	19
7848	19
7849	19
7850	19
7851	19
7852	19
7853	19
7854	19
7855	19
7856	19
7857	19
7858	19
7859	19
7860	19
7861	19
7862	19
7863	19
7864	19
7865	19
7866	19
7867	19
7868	19
7869	19
7870	19
7871	20
7872	20
7873	20
7874	20
7875	20
7876	20
7877	20
7878	20
7879	20
7880	20
7881	20
7882	19
7883	20
7884	20
7885	20
7886	19
7887	19
7888	19
7889	19
7890	19
7891	19
7892	19
7893	19
7894	19
7895	19
7896	19
7897	19
7898	19
7899	19
7900	19
7901	19
7902	19
7903	19
7904	19
7905	19
7906	19
7907	19
7908	19
7909	19
7910	19
7911	19
7912	19
7913	19
7914	20
7915	20
7916	20
7917	20
7918	20
7919	20
7920	20
7921	20
7922	20
7923	21
7924	21
7925	21
7926	21
7927	20
7928	20
7929	20
7930	20
7931	19
7932	19
7933	19
7934	19
7935	19
7936	19
7937	19
7938	19
7939	19
7940	19
7941	19
7942	19
7943	19
7944	19
7945	19
7946	19
7947	19
7948	19
7949	19
7950	19
7951	19
7952	19
7953	19
7954	19
7955	19
7956	19
7957	19
7958	19
7959	19
7960	19
7961	19
7962	19
7963	19
7964	19
7965	19
7966	19
7967	19
7968	19
7969	19
7970	19
7971	19
7972	19
7973	19
7974	19
7975	19
7976	19
7977	19
7978	19
7979	19
7980	19
7981	19
7982	19
7983	20
7984	20
7985	20
7986	20
7987	20
7988	20
7989	20
7990	20
7991	21
7992	21
7993	20
7994	20
7995	20
7996	20
7997	20
7998	19
7999	19
8000	19
8001	19
8002	19
8003	19
8004	19
8005	19
8006	19
8007	19
8008	19
8009	19
8010	19
8011	19
8012	19
8013	19
8014	19
8015	19
8016	19
8017	19
8018	19
8019	19
8020	19
8021	19
8022	20
8023	20
8024	20
8025	20
8026	20
8027	20
8028	20
8029	19
8030	19
8031	19
8032	19
8033	19
8034	19
8035	19
8036	19
8037	19
8038	19
8039	19
8040	19
8041	19
8042	19
8043	19
8044	19
8045	19
8046	19
8047	19
8048	19
8049	19
8050	19
8051	19
8052	19
8053	19
8054	19
8055	19
8056	19
8057	19
8058	19
8059	19
8060	19
8061	19
8062	19
8063	19
8064	19
8065	19
8066	19
8067	19
8068	19
8069	19
8070	19
8071	19
8072	19
8073	19
8074	19
8075	19
8076	19
8077	19
8078	19
8079	19
8080	19
8081	19
8082	19
8083	19
8084	19
8085	19
8086	19
8087	19
8088	19
8089	19
8090	19
8091	19
8092	19
8093	19
8094	19
8095	19
8096	19
8097	19
8098	19
8099	19
8100	19
8101	19
8102	19
8103	19
8104	19
8105	19
8106	19
8107	19
8108	19
8109	19
8110	19
8111	19
8112	20
8113	19
8114	19
8115	19
8116	19
8117	19
8118	19
8119	19
8120	19
8121	19
8122	19
8123	20
8124	20
8125	19
8126	19
8127	20
8128	20
8129	20
8130	20
8131	20
8132	20
8133	20
8134	19
8135	19
8136	19
8137	20
8138	20
8139	20
8140	20
8141	19
8142	19
8143	19
8144	19
8145	19
8146	19
8147	20
8148	19
8149	19
8150	19
8151	19
8152	19
8153	20
8154	20
8155	20
8156	20
8157	20
8158	20
8159	20
8160	19
8161	19
8162	19
8163	19
8164	19
8165	19
8166	19
8167	19
8168	19
8169	19
8170	19
8171	19
8172	19
8173	19
8174	19
8175	19
8176	19
8177	19
8178	19
8179	19
8180	19
8181	19
8182	19
8183	19
8184	19
8185	19
8186	19
8187	19
8188	19
8189	19
8190	19
8191	19
8192	19
8193	19
8194	19
8195	19
8196	19
8197	19
8198	19
8199	19
8200	19
8201	19
8202	19
8203	19
8204	19
8205	19
8206	19
8207	19
8208	19
8209	19
8210	19
8211	19
8212	19
8213	19
8214	19
8215	19
8216	19
8217	19
8218	19
8219	19
8220	19
8221	19
8222	19
8223	19
8224	19
8225	19
8226	19
8227	19
8228	19
8229	19
8230	19
8231	19
8232	19
8233	19
8234	19
8235	19
8236	19
8237	19
8238	19
8239	19
8240	19
8241	19
8242	19
8243	19
8244	19
8245	19
8246	19
8247	19
8248	19
8249	19
8250	19
8251	19
8252	19
8253	19
8254	19
8255	19
8256	19
8257	19
8258	19
8259	19
8260	20
8261	19
8262	19
8263	19
8264	19
8265	19
8266	19
8267	19
8268	19
8269	19
8270	19
8271	19
8272	19
8273	19
8274	19
8275	19
8276	19
8277	19
8278	19
8279	19
8280	19
8281	19
8282	19
8283	19
8284	19
8285	19
8286	20
8287	21
8288	20
8289	19
8290	19
8291	19
8292	19
8293	19
8294	19
8295	19
8296	19
8297	19
8298	19
8299	19
8300	19
8301	19
8302	20
8303	19
8304	19
8305	19
8306	19
8307	19
8308	19
8309	19
8310	19
8311	19
8312	19
8313	19
8314	19
8315	19
8316	19
8317	19
8318	19
8319	19
8320	19
8321	19
8322	19
8323	19
8324	20
8325	20
8326	20
8327	20
8328	20
8329	20
8330	20
8331	20
8332	21
8333	20
8334	20
8335	20
8336	20
8337	20
8338	20
8339	20
8340	20
8341	20
8342	20
8343	20
8344	20
8345	20
8346	20
8347	20
8348	20
8349	21
8350	22
8351	22
8352	22
8353	21
8354	21
8355	21
8356	21
8357	22
8358	21
8359	21
8360	21
8361	20
8362	20
8363	20
8364	20
8365	20
8366	20
8367	20
8368	20
8369	20
8370	20
8371	20
8372	20
8373	20
8374	20
8375	21
8376	21
8377	21
8378	21
8379	21
8380	21
8381	21
8382	21
8383	21
8384	21
8385	21
8386	21
8387	21
8388	21
8389	21
8390	21
8391	21
8392	21
8393	21
8394	21
8395	21
8396	21
8397	21
8398	21
8399	21
8400	21
8401	21
8402	21
8403	21
8404	21
8405	21
8406	21
8407	21
8408	22
8409	22
8410	21
8411	21
8412	21
8413	21
8414	21
8415	21
8416	21
8417	21
8418	21
8419	21
8420	21
8421	21
8422	21
8423	21
8424	21
8425	21
8426	21
8427	21
8428	21
8429	21
8430	21
8431	21
8432	21
8433	21
8434	21
8435	21
8436	21
8437	21
8438	21
8439	21
8440	21
8441	21
8442	21
8443	21
8444	21
8445	21
8446	21
8447	21
8448	21
8449	21
8450	21
8451	21
8452	21
8453	21
8454	21
8455	21
8456	21
8457	21
8458	21
8459	21
8460	21
8461	21
8462	21
8463	21
8464	21
8465	21
8466	21
8467	21
8468	21
8469	21
8470	21
8471	21
8472	21
8473	21
8474	21
8475	21
8476	21
8477	21
8478	21
8479	21
8480	21
8481	21
8482	21
8483	21
8484	21
8485	21
8486	21
8487	21
8488	21
8489	21
8490	21
8491	21
8492	21
8493	21
8494	21
8495	21
8496	21
8497	21
8498	22
8499	21
8500	21
8501	21
8502	21
8503	21
8504	21
8505	21
8506	21
8507	21
8508	21
8509	22
8510	22
8511	21
8512	22
8513	22
8514	22
8515	21
8516	21
8517	21
8518	21
8519	21
8520	21
8521	21
8522	22
8523	22
8524	22
8525	22
8526	22
8527	22
8528	23
8529	23
8530	22
8531	22
8532	22
8533	22
8534	22
8535	22
8536	22
8537	21
8538	21
8539	21
8540	21
8541	21
8542	21
8543	21
8544	21
8545	21
8546	21
8547	21
8548	21
8549	21
8550	21
8551	21
8552	21
8553	21
8554	22
8555	21
8556	21
8557	21
8558	21
8559	21
8560	21
8561	21
8562	21
8563	21
8564	21
8565	21
8566	21
8567	21
8568	21
8569	21
8570	21
8571	21
8572	21
8573	21
8574	21
8575	21
8576	21
8577	21
8578	21
8579	21
8580	21
8581	21
8582	21
8583	21
8584	21
8585	21
8586	21
8587	21
8588	21
8589	21
8590	21
8591	21
8592	21
8593	21
8594	21
8595	21
8596	21
8597	21
8598	21
8599	21
8600	21
8601	21
8602	21
8603	21
8604	21
8605	22
8606	22
8607	22
8608	22
8609	22
8610	22
8611	22
8612	21
8613	21
8614	21
8615	21
8616	21
8617	21
8618	21
8619	21
8620	21
8621	21
8622	21
8623	21
8624	21
8625	21
8626	21
8627	21
8628	21
8629	21
8630	21
8631	21
8632	21
8633	21
8634	21
8635	21
8636	21
8637	21
8638	21
8639	21
8640	21
8641	21
8642	21
8643	21
8644	21
8645	21
8646	21
8647	21
8648	21
8649	21
8650	21
8651	21
8652	22
8653	21
8654	21
8655	21
8656	21
8657	21
8658	21
8659	21
8660	21
8661	21
8662	21
8663	21
8664	21
8665	21
8666	21
8667	21
8668	21
8669	21
8670	21
8671	21
8672	21
8673	21
8674	21
8675	21
8676	21
8677	21
8678	21
8679	21
8680	21
8681	21
8682	21
8683	21
8684	21
8685	21
8686	21
8687	21
8688	21
8689	21
8690	21
8691	21
8692	21
8693	21
8694	21
8695	21
8696	21
8697	21
8698	21
8699	21
8700	21
8701	21
8702	21
8703	22
8704	22
8705	22
8706	22
8707	22
8708	21
8709	21
8710	21
8711	21
8712	22
8713	22
8714	22
8715	22
8716	22
8717	22
8718	22
8719	22
8720	22
8721	22
8722	22
8723	22
8724	22
8725	22
8726	22
8727	22
8728	22
8729	22
8730	22
8731	22
8732	22
8733	22
8734	21
8735	21
8736	21
8737	21
8738	21
8739	21
8740	21
8741	21
8742	21
8743	21
8744	21
8745	21
8746	21
8747	21
8748	21
8749	21
8750	21
8751	21
8752	21
8753	21
8754	21
8755	21
8756	21
8757	21
8758	21
8759	21
8760	21
8761	21
8762	21
8763	21
8764	21
8765	21
8766	21
8767	21
8768	21
8769	21
8770	21
8771	21
8772	21
8773	21
8774	21
8775	21
8776	21
8777	21
8778	21
8779	21
8780	21
8781	21
8782	21
8783	21
8784	22
8785	22
8786	22
8787	22
8788	22
8789	22
8790	22
8791	22
8792	22
8793	23
8794	23
8795	23
8796	23
8797	23
8798	24
8799	22
8800	23
8801	22
8802	21
8803	21
8804	21
8805	21
8806	21
8807	21
8808	21
8809	21
8810	21
8811	21
8812	21
8813	21
8814	21
8815	21
8816	21
8817	21
8818	21
8819	21
8820	21
8821	21
8822	21
8823	21
8824	21
8825	21
8826	21
8827	21
8828	21
8829	21
8830	21
8831	21
8832	21
8833	21
8834	21
8835	21
8836	21
8837	21
8838	21
8839	21
8840	21
8841	21
8842	21
8843	21
8844	21
8845	21
8846	21
8847	21
8848	21
8849	21
8850	21
8851	21
8852	21
8853	21
8854	21
8855	21
8856	21
8857	22
8858	22
8859	22
8860	22
8861	22
8862	21
8863	21
8864	21
8865	21
8866	21
8867	21
8868	21
8869	21
8870	21
8871	22
8872	22
8873	22
8874	22
8875	22
8876	22
8877	22
8878	22
8879	22
8880	22
8881	22
8882	22
8883	22
8884	22
8885	22
8886	22
8887	22
8888	22
8889	22
8890	22
8891	22
8892	22
8893	22
8894	22
8895	22
8896	22
8897	22
8898	22
8899	22
8900	22
8901	22
8902	22
8903	22
8904	22
8905	22
8906	22
8907	22
8908	22
8909	22
8910	22
8911	22
8912	22
8913	22
8914	22
8915	22
8916	22
8917	22
8918	22
8919	23
8920	23
8921	23
8922	23
8923	23
8924	23
8925	22
8926	22
8927	22
8928	22
8929	22
8930	22
8931	22
8932	22
8933	22
8934	22
8935	22
8936	22
8937	22
8938	22
8939	22
8940	22
8941	22
8942	22
8943	22
8944	22
8945	22
8946	22
8947	22
8948	22
8949	22
8950	22
8951	22
8952	22
8953	22
8954	22
8955	22
8956	22
8957	22
8958	22
8959	22
8960	22
8961	22
8962	22
8963	22
8964	22
8965	22
8966	22
8967	23
8968	22
8969	23
8970	23
8971	23
8972	23
8973	22
8974	23
8975	22
8976	22
8977	22
8978	22
8979	22
8980	22
8981	22
8982	22
8983	22
8984	22
8985	22
8986	22
8987	22
8988	22
8989	22
8990	22
8991	22
8992	22
8993	22
8994	22
8995	22
8996	22
8997	22
8998	22
8999	22
9000	22
9001	22
9002	22
9003	22
9004	22
9005	22
9006	22
9007	22
9008	22
9009	22
9010	22
9011	22
9012	22
9013	22
9014	22
9015	22
9016	22
9017	22
9018	22
9019	22
9020	22
9021	22
9022	22
9023	22
9024	22
9025	22
9026	22
9027	22
9028	22
9029	22
9030	22
9031	22
9032	22
9033	22
9034	22
9035	22
9036	23
9037	22
9038	22
9039	22
9040	22
9041	22
9042	22
9043	22
9044	22
9045	22
9046	22
9047	22
9048	22
9049	22
9050	22
9051	23
9052	23
9053	24
9054	23
9055	23
9056	23
9057	23
9058	23
9059	23
9060	23
9061	23
9062	23
9063	22
9064	22
9065	22
9066	22
9067	22
9068	22
9069	22
9070	22
9071	22
9072	22
9073	22
9074	22
9075	22
9076	22
9077	22
9078	22
9079	22
9080	22
9081	22
9082	22
9083	22
9084	22
9085	22
9086	22
9087	22
9088	22
9089	22
9090	22
9091	22
9092	22
9093	22
9094	22
9095	22
9096	22
9097	22
9098	22
9099	22
9100	22
9101	22
9102	22
9103	23
9104	22
9105	22
9106	22
9107	22
9108	22
9109	22
9110	22
9111	22
9112	22
9113	22
9114	23
9115	23
9116	22
9117	22
9118	22
9119	22
9120	22
9121	22
9122	22
9123	22
9124	22
9125	22
9126	22
9127	22
9128	22
9129	22
9130	22
9131	22
9132	22
9133	22
9134	22
9135	22
9136	22
9137	22
9138	23
9139	23
9140	23
9141	24
9142	24
9143	24
9144	23
9145	23
9146	23
9147	23
9148	22
9149	22
9150	22
9151	22
9152	22
9153	22
9154	22
9155	22
9156	22
9157	22
9158	22
9159	22
9160	22
9161	22
9162	22
9163	22
9164	22
9165	22
9166	22
9167	22
9168	22
9169	22
9170	22
9171	22
9172	22
9173	22
9174	22
9175	22
9176	22
9177	22
9178	22
9179	22
9180	22
9181	22
9182	22
9183	22
9184	22
9185	22
9186	22
9187	22
9188	22
9189	22
9190	22
9191	22
9192	22
9193	22
9194	24
9195	24
9196	23
9197	23
9198	23
9199	23
9200	23
9201	23
9202	23
9203	23
9204	23
9205	22
9206	22
9207	22
9208	22
9209	22
9210	22
9211	22
9212	22
9213	22
9214	22
9215	22
9216	22
9217	22
9218	22
9219	22
9220	22
9221	22
9222	22
9223	22
9224	22
9225	22
9226	22
9227	22
9228	22
9229	22
9230	22
9231	22
9232	22
9233	22
9234	22
9235	22
9236	22
9237	22
9238	22
9239	22
9240	22
9241	22
9242	22
9243	22
9244	22
9245	22
9246	22
9247	22
9248	22
9249	22
9250	22
9251	22
9252	22
9253	22
9254	22
9255	22
9256	22
9257	22
9258	22
9259	22
9260	22
9261	22
9262	22
9263	22
9264	22
9265	22
9266	22
9267	22
9268	22
9269	22
9270	22
9271	22
9272	22
9273	22
9274	22
9275	23
9276	23
9277	22
9278	22
9279	22
9280	22
9281	22
9282	22
9283	22
9284	22
9285	22
9286	22
9287	22
9288	22
9289	22
9290	22
9291	22
9292	22
9293	22
9294	22
9295	22
9296	22
9297	22
9298	22
9299	22
9300	22
9301	22
9302	22
9303	22
9304	22
9305	24
9306	25
9307	25
9308	25
9309	25
9310	24
9311	23
9312	23
9313	22
9314	22
9315	22
9316	22
9317	22
9318	22
9319	22
9320	22
9321	22
9322	22
9323	22
9324	22
9325	22
9326	22
9327	22
9328	22
9329	22
9330	23
9331	22
9332	22
9333	22
9334	22
9335	22
9336	22
9337	22
9338	22
9339	22
9340	22
9341	22
9342	22
9343	22
9344	22
9345	22
9346	22
9347	22
9348	22
9349	22
9350	22
9351	22
9352	22
9353	22
9354	22
9355	22
9356	22
9357	22
9358	22
9359	22
9360	22
9361	22
9362	22
9363	22
9364	22
9365	22
9366	22
9367	22
9368	22
9369	22
9370	22
9371	22
9372	22
9373	22
9374	22
9375	23
9376	22
9377	22
9378	22
9379	22
9380	22
9381	22
9382	22
9383	22
9384	22
9385	22
9386	22
9387	22
9388	22
9389	23
9390	23
9391	23
9392	23
9393	22
9394	22
9395	22
9396	22
9397	22
9398	22
9399	22
9400	22
9401	22
9402	22
9403	22
9404	22
9405	22
9406	22
9407	22
9408	22
9409	22
9410	22
9411	22
9412	22
9413	23
9414	22
9415	22
9416	22
9417	22
9418	22
9419	22
9420	22
9421	21
9422	21
9423	21
9424	21
9425	21
9426	21
9427	21
9428	21
9429	21
9430	21
9431	21
9432	21
9433	21
9434	21
9435	21
9436	21
9437	21
9438	21
9439	21
9440	21
9441	21
9442	21
9443	21
9444	21
9445	21
9446	21
9447	21
9448	21
9449	21
9450	21
9451	21
9452	21
9453	21
9454	21
9455	21
9456	21
9457	21
9458	21
9459	21
9460	21
9461	21
9462	21
9463	21
9464	21
9465	21
9466	21
9467	21
9468	21
9469	21
9470	21
9471	21
9472	21
9473	21
9474	21
9475	21
9476	21
9477	21
9478	21
9479	22
9480	21
9481	21
9482	21
9483	21
9484	21
9485	21
9486	21
9487	21
9488	21
9489	21
9490	21
9491	21
9492	21
9493	21
9494	21
9495	21
9496	21
9497	21
9498	21
9499	22
9500	22
9501	21
9502	21
9503	21
9504	21
9505	21
9506	21
9507	21
9508	21
9509	21
9510	22
9511	22
9512	22
9513	22
9514	22
9515	22
9516	22
9517	22
9518	22
9519	22
9520	22
9521	22
9522	22
9523	22
9524	22
9525	22
9526	22
9527	22
9528	22
9529	22
9530	22
9531	21
9532	21
9533	21
9534	21
9535	21
9536	21
9537	21
9538	21
9539	21
9540	21
9541	21
9542	21
9543	21
9544	21
9545	21
9546	21
9547	21
9548	21
9549	21
9550	21
9551	21
9552	21
9553	21
9554	21
9555	21
9556	21
9557	21
9558	21
9559	21
9560	21
9561	21
9562	21
9563	21
9564	21
9565	21
9566	21
9567	21
9568	21
9569	21
9570	21
9571	21
9572	21
9573	21
9574	21
9575	21
9576	21
9577	22
9578	22
9579	22
9580	22
9581	21
9582	21
9583	21
9584	21
9585	22
9586	22
9587	23
9588	23
9589	23
9590	23
9591	22
9592	22
9593	22
9594	21
9595	21
9596	21
9597	21
9598	22
9599	23
9600	22
9601	22
9602	22
9603	22
9604	22
9605	22
9606	22
9607	22
9608	21
9609	21
9610	21
9611	22
9612	23
9613	22
9614	22
9615	22
9616	22
9617	22
9618	22
9619	22
9620	22
9621	22
9622	22
9623	22
9624	22
9625	22
9626	22
9627	22
9628	22
9629	22
9630	22
9631	22
9632	22
9633	22
9634	22
9635	22
9636	22
9637	23
9638	23
9639	22
9640	22
9641	21
9642	21
9643	21
9644	21
9645	21
9646	21
9647	21
9648	21
9649	21
9650	21
9651	21
9652	21
9653	21
9654	21
9655	21
9656	21
9657	21
9658	21
9659	21
9660	21
9661	21
9662	21
9663	21
9664	21
9665	21
9666	21
9667	21
9668	21
9669	21
9670	21
9671	21
9672	21
9673	21
9674	21
9675	21
9676	21
9677	21
9678	21
9679	21
9680	21
9681	21
9682	21
9683	21
9684	21
9685	21
9686	21
9687	21
9688	21
9689	21
9690	21
9691	21
9692	21
9693	21
9694	21
9695	21
9696	21
9697	21
9698	21
9699	21
9700	21
9701	22
9702	21
9703	21
9704	21
9705	21
9706	21
9707	21
9708	21
9709	21
9710	21
9711	21
9712	21
9713	21
9714	21
9715	21
9716	21
9717	21
9718	21
9719	21
9720	21
9721	21
9722	21
9723	21
9724	21
9725	21
9726	21
9727	21
9728	21
9729	21
9730	21
9731	21
9732	21
9733	21
9734	21
9735	21
9736	21
9737	21
9738	21
9739	21
9740	21
9741	21
9742	21
9743	21
9744	21
9745	21
9746	21
9747	21
9748	21
9749	22
9750	21
9751	21
9752	21
9753	21
9754	21
9755	21
9756	21
9757	21
9758	21
9759	21
9760	21
9761	21
9762	21
9763	21
9764	21
9765	21
9766	21
9767	21
9768	21
9769	21
9770	21
9771	21
9772	21
9773	21
9774	21
9775	21
9776	21
9777	21
9778	21
9779	21
9780	21
9781	21
9782	21
9783	21
9784	21
9785	21
9786	21
9787	21
9788	21
9789	21
9790	21
9791	21
9792	21
9793	21
9794	21
9795	21
9796	21
9797	21
9798	21
9799	21
9800	21
9801	21
9802	21
9803	21
9804	21
9805	21
9806	21
9807	21
9808	21
9809	21
9810	21
9811	21
9812	21
9813	21
9814	21
9815	21
9816	21
9817	21
9818	21
9819	21
9820	21
9821	21
9822	21
9823	22
9824	21
9825	21
9826	21
9827	21
9828	21
9829	21
9830	21
9831	21
9832	21
9833	21
9834	21
9835	21
9836	21
9837	21
9838	21
9839	21
9840	21
9841	21
9842	21
9843	21
9844	21
9845	21
9846	21
9847	21
9848	21
9849	21
9850	21
9851	21
9852	21
9853	21
9854	21
9855	21
9856	21
9857	21
9858	21
9859	21
9860	22
9861	22
9862	22
9863	22
9864	22
9865	22
9866	22
9867	22
9868	22
9869	22
9870	22
9871	22
9872	22
9873	22
9874	22
9875	22
9876	21
9877	21
9878	21
9879	21
9880	21
9881	21
9882	21
9883	21
9884	21
9885	21
9886	21
9887	21
9888	21
9889	21
9890	21
9891	21
9892	21
9893	22
9894	21
9895	21
9896	21
9897	22
9898	22
9899	22
9900	22
9901	22
9902	22
9903	22
9904	22
9905	22
9906	22
9907	22
9908	22
9909	22
9910	22
9911	22
9912	22
9913	23
9914	22
9915	22
9916	22
9917	22
9918	22
9919	22
9920	22
9921	22
9922	22
9923	22
9924	22
9925	22
9926	22
9927	22
9928	22
9929	23
9930	23
9931	23
9932	23
9933	23
9934	22
9935	22
9936	22
9937	21
9938	21
9939	21
9940	21
9941	21
9942	21
9943	21
9944	21
9945	21
9946	21
9947	21
9948	21
9949	21
9950	21
9951	21
9952	21
9953	21
9954	21
9955	21
9956	21
9957	21
9958	21
9959	21
9960	21
9961	21
9962	21
9963	22
9964	22
9965	22
9966	22
9967	22
9968	22
9969	22
9970	22
9971	21
9972	21
9973	21
9974	21
9975	21
9976	21
9977	21
9978	21
9979	21
9980	21
9981	21
9982	22
9983	23
9984	22
9985	22
9986	21
9987	21
9988	21
9989	21
9990	21
9991	21
9992	21
9993	21
9994	21
9995	21
9996	21
9997	22
9998	22
9999	22