0	2
1	2
2	2
3	2
4	2
5	2
6	2
7	2
8	2
9	2
10	2
11	2
12	2
13	2
14	2
15	2
16	2
17	2
18	2
19	2
20	2
21	2
22	2
23	2
24	2
25	2
26	2
27	2
28	2
29	2
30	2
31	2
32	2
33	3
34	3
35	2
36	2
37	2
38	2
39	2
40	2
41	2
42	2
43	2
44	2
45	2
46	2
47	2
48	2
49	2
50	2
51	2
52	2
53	2
54	2
55	2
56	2
57	2
58	2
59	2
60	2
61	2
62	2
63	2
64	2
65	2
66	2
67	2
68	2
69	2
70	2
71	2
72	2
73	2
74	2
75	2
76	2
77	2
78	2
79	2
80	2
81	2
82	2
83	2
84	2
85	2
86	2
87	2
88	2
89	2
90	2
91	2
92	2
93	2
94	2
95	2
96	2
97	2
98	2
99	2
100	2
101	2
102	2
103	2
104	2
105	2
106	2
107	2
108	2
109	2
110	2
111	2
112	3
113	3
114	3
115	3
116	3
117	3
118	3
119	3
120	3
121	3
122	3
123	3
124	3
125	3
126	3
127	3
128	3
129	3
130	2
131	2
132	2
133	2
134	2
135	2
136	2
137	2
138	2
139	2
140	2
141	2
142	2
143	2
144	2
145	2
146	2
147	2
148	2
149	2
150	2
151	2
152	2
153	2
154	2
155	3
156	3
157	3
158	2
159	2
160	2
161	2
162	2
163	2
164	2
165	2
166	2
167	2
168	2
169	2
170	2
171	2
172	2
173	2
174	2
175	2
176	2
177	2
178	2
179	2
180	2
181	2
182	2
183	2
184	2
185	2
186	2
187	2
188	2
189	2
190	2
191	2
192	2
193	2
194	2
195	2
196	2
197	2
198	2
199	2
200	2
201	2
202	2
203	2
204	2
205	2
206	2
207	2
208	2
209	2
210	2
211	2
212	2
213	3
214	2
215	2
216	2
217	2
218	2
219	2
220	2
221	2
222	2
223	2
224	2
225	2
226	2
227	2
228	2
229	2
230	2
231	2
232	2
233	2
234	2
235	2
236	3
237	3
238	2
239	2
240	2
241	2
242	2
243	2
244	2
245	2
246	2
247	2
248	2
249	2
250	2
251	2
252	2
253	2
254	2
255	2
256	2
257	2
258	3
259	3
260	3
261	3
262	3
263	3
264	3
265	3
266	3
267	3
268	3
269	2
270	2
271	2
272	2
273	2
274	2
275	2
276	2
277	2
278	2
279	2
280	2
281	2
282	2
283	2
284	2
285	2
286	2
287	2
288	2
289	2
290	2
291	2
292	2
293	2
294	2
295	2
296	2
297	3
298	3
299	3
300	2
301	2
302	2
303	2
304	2
305	2
306	2
307	2
308	2
309	2
310	2
311	2
312	2
313	2
314	2
315	2
316	2
317	2
318	2
319	2
320	2
321	2
322	2
323	2
324	2
325	2
326	2
327	2
328	2
329	2
330	2
331	2
332	2
333	2
334	2
335	2
336	2
337	2
338	2
339	2
340	2
341	3
342	2
343	2
344	2
345	2
346	2
347	2
348	2
349	2
350	2
351	2
352	2
353	2
354	2
355	2
356	2
357	2
358	2
359	2
360	2
361	2
362	2
363	2
364	2
365	2
366	2
367	2
368	3
369	3
370	3
371	4
372	4
373	4
374	4
375	3
376	3
377	3
378	3
379	3
380	3
381	3
382	3
383	3
384	3
385	3
386	3
387	3
388	3
389	3
390	3
391	3
392	3
393	3
394	3
395	3
396	3
397	3
398	4
399	3
400	3
401	3
402	3
403	3
404	3
405	4
406	4
407	4
408	4
409	4
410	4
411	4
412	4
413	4
414	4
415	4
416	4
417	4
418	4
419	4
420	4
421	4
422	4
423	4
424	4
425	4
426	4
427	4
428	4
429	4
430	4
431	4
432	4
433	4
434	4
435	4
436	4
437	4
438	4
439	3
440	3
441	3
442	3
443	3
444	3
445	3
446	3
447	3
448	3
449	3
450	3
451	3
452	3
453	4
454	4
455	4
456	4
457	4
458	4
459	4
460	4
461	5
462	5
463	5
464	5
465	5
466	5
467	5
468	5
469	5
470	5
471	5
472	5
473	5
474	5
475	5
476	5
477	5
478	6
479	6
480	5
481	5
482	5
483	5
484	5
485	5
486	4
487	4
488	5
489	4
490	4
491	4
492	4
493	4
494	4
495	4
496	4
497	4
498	4
499	4
500	4
501	4
502	4
503	4
504	4
505	4
506	4
507	4
508	4
509	4
510	4
511	4
512	4
513	4
514	4
515	4
516	4
517	3
518	3
519	3
520	3
521	3
522	3
523	3
524	3
525	3
526	3
527	3
528	3
529	3
530	3
531	3
532	3
533	3
534	3
535	3
536	3
537	3
538	3
539	3
540	3
541	3
542	3
543	3
544	3
545	3
546	3
547	3
548	3
549	3
550	3
551	3
552	3
553	3
554	3
555	3
556	3
557	3
558	3
559	3
560	3
561	4
562	4
563	5
564	4
565	4
566	4
567	4
568	4
569	4
570	4
571	4
572	4
573	4
574	4
575	4
576	4
577	4
578	4
579	4
580	4
581	4
582	4
583	4
584	4
585	4
586	4
587	4
588	4
589	4
590	5
591	4
592	4
593	4
594	4
595	4
596	4
597	4
598	4
599	4
600	4
601	4
602	4
603	4
604	4
605	4
606	4
607	4
608	4
609	4
610	4
611	4
612	4
613	4
614	4
615	4
616	4
617	4
618	4
619	4
620	4
621	4
622	4
623	4
624	4
625	4
626	4
627	4
628	4
629	4
630	4
631	4
632	4
633	4
634	4
635	4
636	4
637	4
638	4
639	4
640	4
641	4
642	4
643	4
644	4
645	4
646	4
647	4
648	4
649	4
650	4
651	4
652	4
653	4
654	4
655	4
656	4
657	4
658	4
659	4
660	4
661	4
662	4
663	4
664	4
665	4
666	4
667	4
668	4
669	4
670	4
671	4
672	4
673	4
674	4
675	4
676	4
677	4
678	4
679	4
680	4
681	4
682	4
683	4
684	5
685	5
686	5
687	5
688	4
689	4
690	4
691	4
692	4
693	4
694	4
695	4
696	4
697	4
698	4
699	5
700	5
701	5
702	4
703	4
704	4
705	4
706	4
707	4
708	4
709	4
710	4
711	4
712	4
713	4
714	4
715	4
716	4
717	4
718	4
719	4
720	4
721	4
722	4
723	4
724	4
725	4
726	4
727	4
728	4
729	5
730	4
731	4
732	4
733	5
734	5
735	5
736	5
737	5
738	5
739	5
740	5
741	5
742	5
743	6
744	5
745	5
746	5
747	5
748	5
749	5
750	5
751	5
752	5
753	5
754	5
755	5
756	5
757	5
758	5
759	5
760	4
761	4
762	4
763	4
764	4
765	4
766	4
767	4
768	4
769	4
770	4
771	4
772	4
773	4
774	4
775	4
776	4
777	4
778	4
779	4
780	4
781	4
782	4
783	4
784	4
785	4
786	4
787	4
788	4
789	4
790	4
791	4
792	4
793	4
794	4
795	4
796	4
797	4
798	4
799	4
800	5
801	4
802	4
803	4
804	4
805	4
806	4
807	4
808	4
809	4
810	4
811	4
812	4
813	4
814	4
815	4
816	4
817	4
818	4
819	4
820	4
821	4
822	4
823	4
824	4
825	4
826	4
827	4
828	4
829	5
830	5
831	5
832	5
833	5
834	5
835	5
836	5
837	5
838	5
839	5
840	5
841	5
842	5
843	5
844	5
845	5
846	5
847	5
848	5
849	5
850	4
851	4
852	4
853	4
854	4
855	4
856	4
857	4
858	4
859	4
860	4
861	4
862	4
863	4
864	4
865	4
866	4
867	4
868	4
869	4
870	4
871	4
872	4
873	4
874	4
875	4
876	4
877	4
878	4
879	4
880	4
881	4
882	4
883	5
884	4
885	4
886	4
887	4
888	4
889	4
890	4
891	4
892	4
893	4
894	4
895	4
896	4
897	4
898	4
899	4
900	4
901	4
902	4
903	4
904	4
905	4
906	4
907	4
908	5
909	4
910	4
911	4
912	4
913	4
914	4
915	4
916	4
917	4
918	4
919	6
920	5
921	5
922	5
923	5
924	5
925	5
926	5
927	5
928	5
929	5
930	5
931	5
932	5
933	5
934	6
935	6
936	6
937	6
938	6
939	5
940	5
941	5
942	6
943	6
944	6
945	6
946	6
947	6
948	6
949	6
950	6
951	6
952	6
953	6
954	6
955	6
956	6
957	6
958	6
959	6
960	5
961	5
962	5
963	5
964	5
965	5
966	5
967	5
968	5
969	5
970	5
971	5
972	5
973	5
974	5
975	5
976	5
977	4
978	4
979	4
980	4
981	4
982	5
983	5
984	5
985	5
986	5
987	5
988	5
989	5
990	4
991	5
992	5
993	5
994	5
995	5
996	5
997	5
998	5
999	5
1000	5
1001	5
1002	5
1003	5
1004	6
1005	6
1006	6
1007	6
1008	6
1009	6
1010	6
1011	6
1012	6
1013	7
1014	7
1015	6
1016	6
1017	6
1018	6
1019	6
1020	5
1021	5
1022	5
1023	5
1024	6
1025	6
1026	6
1027	6
1028	6
1029	6
1030	6
1031	6
1032	6
1033	6
1034	6
1035	7
1036	6
1037	7
1038	5
1039	5
1040	5
1041	5
1042	5
1043	5
1044	5
1045	5
1046	5
1047	5
1048	5
1049	5
1050	5
1051	6
1052	6
1053	6
1054	6
1055	6
1056	6
1057	6
1058	6
1059	5
1060	5
1061	5
1062	5
1063	5
1064	5
1065	5
1066	5
1067	5
1068	5
1069	5
1070	5
1071	5
1072	5
1073	5
1074	5
1075	5
1076	4
1077	5
1078	5
1079	4
1080	4
1081	4
1082	5
1083	5
1084	5
1085	5
1086	5
1087	5
1088	5
1089	5
1090	5
1091	5
1092	5
1093	5
1094	5
1095	5
1096	4
1097	4
1098	4
1099	4
1100	4
1101	4
1102	4
1103	4
1104	4
1105	4
1106	4
1107	4
1108	4
1109	4
1110	4
1111	4
1112	5
1113	4
1114	4
1115	4
1116	4
1117	4
1118	4
1119	4
1120	4
1121	4
1122	4
1123	4
1124	4
1125	4
1126	4
1127	4
1128	4
1129	4
1130	4
1131	4
1132	4
1133	4
1134	4
1135	4
1136	4
1137	4
1138	4
1139	4
1140	4
1141	4
1142	4
1143	4
1144	4
1145	5
1146	4
1147	4
1148	4
1149	4
1150	4
1151	4
1152	4
1153	4
1154	4
1155	4
1156	4
1157	4
1158	4
1159	4
1160	4
1161	4
1162	4
1163	4
1164	4
1165	4
1166	4
1167	4
1168	4
1169	4
1170	4
1171	4
1172	4
1173	4
1174	4
1175	4
1176	4
1177	4
1178	4
1179	4
1180	4
1181	4
1182	4
1183	4
1184	4
1185	4
1186	5
1187	4
1188	4
1189	4
1190	4
1191	4
1192	4
1193	4
1194	4
1195	4
1196	4
1197	4
1198	4
1199	4
1200	4
1201	4
1202	4
1203	4
1204	4
1205	4
1206	4
1207	4
1208	4
1209	4
1210	4
1211	4
1212	4
1213	4
1214	4
1215	4
1216	4
1217	5
1218	4
1219	4
1220	5
1221	4
1222	4
1223	4
1224	4
1225	4
1226	4
1227	4
1228	4
1229	4
1230	4
1231	4
1232	4
1233	4
1234	4
1235	4
1236	4
1237	4
1238	4
1239	4
1240	4
1241	4
1242	4
1243	4
1244	4
1245	4
1246	4
1247	4
1248	4
1249	4
1250	4
1251	4
1252	4
1253	4
1254	4
1255	4
1256	4
1257	4
1258	4
1259	4
1260	4
1261	4
1262	4
1263	4
1264	4
1265	4
1266	4
1267	4
1268	4
1269	4
1270	4
1271	4
1272	4
1273	4
1274	4
1275	4
1276	4
1277	4
1278	4
1279	4
1280	4
1281	4
1282	4
1283	4
1284	4
1285	4
1286	4
1287	4
1288	4
1289	4
1290	4
1291	4
1292	4
1293	4
1294	4
1295	4
1296	4
1297	4
1298	4
1299	4
1300	4
1301	4
1302	4
1303	4
1304	4
1305	4
1306	4
1307	4
1308	4
1309	4
1310	4
1311	4
1312	4
1313	4
1314	4
1315	4
1316	4
1317	4
1318	4
1319	4
1320	4
1321	4
1322	4
1323	4
1324	4
1325	4
1326	4
1327	4
1328	4
1329	4
1330	4
1331	4
1332	4
1333	4
1334	4
1335	4
1336	4
1337	4
1338	4
1339	4
1340	4
1341	4
1342	4
1343	4
1344	4
1345	4
1346	4
1347	4
1348	4
1349	4
1350	4
1351	4
1352	4
1353	4
1354	4
1355	4
1356	4
1357	5
1358	5
1359	5
1360	4
1361	5
1362	5
1363	5
1364	5
1365	4
1366	4
1367	4
1368	4
1369	4
1370	4
1371	4
1372	4
1373	4
1374	4
1375	4
1376	4
1377	4
1378	4
1379	5
1380	5
1381	5
1382	5
1383	5
1384	5
1385	5
1386	5
1387	5
1388	5
1389	5
1390	5
1391	5
1392	5
1393	5
1394	5
1395	5
1396	5
1397	5
1398	5
1399	5
1400	5
1401	5
1402	5
1403	5
1404	5
1405	5
1406	5
1407	5
1408	5
1409	6
1410	6
1411	6
1412	6
1413	6
1414	6
1415	6
1416	5
1417	5
1418	6
1419	5
1420	5
1421	5
1422	5
1423	5
1424	5
1425	5
1426	5
1427	5
1428	5
1429	5
1430	5
1431	5
1432	5
1433	5
1434	5
1435	5
1436	5
1437	6
1438	6
1439	6
1440	6
1441	6
1442	6
1443	6
1444	6
1445	6
1446	6
1447	5
1448	5
1449	5
1450	5
1451	5
1452	5
1453	5
1454	5
1455	5
1456	5
1457	5
1458	5
1459	5
1460	5
1461	5
1462	6
1463	5
1464	5
1465	5
1466	5
1467	5
1468	5
1469	5
1470	5
1471	5
1472	5
1473	5
1474	5
1475	5
1476	5
1477	6
1478	6
1479	5
1480	5
1481	5
1482	5
1483	5
1484	5
1485	5
1486	5
1487	5
1488	5
1489	5
1490	5
1491	5
1492	5
1493	5
1494	5
1495	5
1496	5
1497	5
1498	5
1499	5
1500	5
1501	5
1502	5
1503	5
1504	5
1505	5
1506	5
1507	5
1508	5
1509	5
1510	5
1511	5
1512	5
1513	5
1514	5
1515	5
1516	5
1517	5
1518	5
1519	5
1520	5
1521	6
1522	6
1523	5
1524	5
1525	5
1526	5
1527	5
1528	6
1529	5
1530	5
1531	5
1532	5
1533	5
1534	5
1535	5
1536	5
1537	5
1538	5
1539	5
1540	5
1541	6
1542	6
1543	6
1544	6
1545	6
1546	6
1547	6
1548	6
1549	5
1550	5
1551	5
1552	5
1553	5
1554	5
1555	5
1556	5
1557	5
1558	5
1559	5
1560	5
1561	5
1562	5
1563	5
1564	5
1565	5
1566	6
1567	5
1568	5
1569	5
1570	5
1571	5
1572	5
1573	5
1574	5
1575	5
1576	5
1577	5
1578	5
1579	5
1580	5
1581	5
1582	6
1583	5
1584	5
1585	5
1586	5
1587	5
1588	5
1589	5
1590	5
1591	5
1592	5
1593	5
1594	5
1595	5
1596	5
1597	5
1598	5
1599	5
1600	5
1601	5
1602	5
1603	5
1604	5
1605	5
1606	5
1607	5
1608	5
1609	5
1610	5
1611	5
1612	5
1613	6
1614	5
1615	5
1616	5
1617	5
1618	5
1619	5
1620	5
1621	5
1622	5
1623	5
1624	5
1625	5
1626	5
1627	5
1628	5
1629	5
1630	5
1631	5
1632	5
1633	5
1634	5
1635	5
1636	5
1637	5
1638	5
1639	5
1640	5
1641	5
1642	5
1643	5
1644	5
1645	5
1646	5
1647	5
1648	5
1649	5
1650	5
1651	5
1652	5
1653	5
1654	5
1655	5
1656	5
1657	5
1658	6
1659	6
1660	6
1661	5
1662	5
1663	5
1664	5
1665	5
1666	5
1667	5
1668	5
1669	6
1670	5
1671	5
1672	5
1673	5
1674	5
1675	5
1676	5
1677	5
1678	5
1679	5
1680	5
1681	5
1682	5
1683	5
1684	5
1685	5
1686	5
1687	5
1688	6
1689	6
1690	6
1691	6
1692	6
1693	6
1694	6
1695	6
1696	6
1697	6
1698	6
1699	6
1700	6
1701	6
1702	5
1703	5
1704	5
1705	5
1706	5
1707	5
1708	5
1709	5
1710	5
1711	5
1712	5
1713	5
1714	5
1715	5
1716	5
1717	5
1718	5
1719	5
1720	5
1721	5
1722	5
1723	5
1724	5
1725	5
1726	5
1727	5
1728	5
1729	5
1730	5
1731	5
1732	5
1733	5
1734	5
1735	5
1736	5
1737	5
1738	5
1739	5
1740	6
1741	5
1742	5
1743	5
1744	5
1745	5
1746	5
1747	5
1748	5
1749	5
1750	5
1751	5
1752	5
1753	5
1754	5
1755	5
1756	5
1757	5
1758	5
1759	5
1760	5
1761	5
1762	5
1763	5
1764	5
1765	5
1766	5
1767	5
1768	5
1769	5
1770	5
1771	5
1772	5
1773	5
1774	5
1775	5
1776	5
1777	5
1778	5
1779	5
1780	5
1781	5
1782	5
1783	5
1784	4
1785	4
1786	4
1787	4
1788	4
1789	4
1790	4
1791	4
1792	5
1793	5
1794	5
1795	5
1796	5
1797	5
1798	6
1799	5
1800	5
1801	5
1802	5
1803	5
1804	5
1805	5
1806	5
1807	5
1808	5
1809	5
1810	4
1811	4
1812	4
1813	4
1814	4
1815	4
1816	4
1817	4
1818	4
1819	4
1820	4
1821	4
1822	4
1823	4
1824	4
1825	5
1826	5
1827	5
1828	5
1829	4
1830	4
1831	4
1832	4
1833	4
1834	4
1835	4
1836	5
1837	5
1838	5
1839	5
1840	5
1841	5
1842	5
1843	5
1844	5
1845	5
1846	4
1847	4
1848	4
1849	4
1850	4
1851	4
1852	4
1853	4
1854	4
1855	4
1856	4
1857	4
1858	4
1859	4
1860	4
1861	4
1862	4
1863	4
1864	4
1865	4
1866	4
1867	4
1868	4
1869	4
1870	4
1871	4
1872	5
1873	4
1874	4
1875	4
1876	4
1877	4
1878	4
1879	4
1880	4
1881	4
1882	4
1883	4
1884	4
1885	4
1886	4
1887	4
1888	4
1889	4
1890	4
1891	4
1892	4
1893	4
1894	4
1895	4
1896	4
1897	4
1898	4
1899	4
1900	4
1901	4
1902	4
1903	4
1904	4
1905	4
1906	4
1907	4
1908	4
1909	4
1910	4
1911	4
1912	4
1913	4
1914	4
1915	4
1916	4
1917	4
1918	4
1919	4
1920	5
1921	5
1922	5
1923	5
1924	5
1925	5
1926	5
1927	5
1928	5
1929	5
1930	5
1931	5
1932	4
1933	4
1934	4
1935	4
1936	4
1937	4
1938	4
1939	4
1940	4
1941	4
1942	4
1943	4
1944	4
1945	4
1946	4
1947	4
1948	4
1949	4
1950	4
1951	4
1952	4
1953	4
1954	4
1955	4
1956	4
1957	4
1958	4
1959	4
1960	4
1961	4
1962	4
1963	4
1964	4
1965	4
1966	4
1967	4
1968	4
1969	4
1970	4
1971	4
1972	4
1973	4
1974	5
1975	4
1976	4
1977	4
1978	4
1979	4
1980	4
1981	4
1982	4
1983	4
1984	4
1985	4
1986	4
1987	4
1988	4
1989	4
1990	4
1991	4
1992	4
1993	4
1994	4
1995	4
1996	4
1997	4
1998	4
1999	4
2000	4
2001	4
2002	4
2003	4
2004	4
2005	4
2006	4
2007	4
2008	4
2009	4
2010	5
2011	4
2012	4
2013	4
2014	4
2015	4
2016	4
2017	4
2018	4
2019	5
2020	5
2021	5
2022	5
2023	5
2024	5
2025	5
2026	5
2027	5
2028	4
2029	4
2030	4
2031	4
2032	4
2033	4
2034	4
2035	4
2036	4
2037	4
2038	4
2039	4
2040	4
2041	5
2042	5
2043	4
2044	4
2045	4
2046	4
2047	4
2048	4
2049	4
2050	4
2051	4
2052	4
2053	4
2054	4
2055	4
2056	4
2057	4
2058	4
2059	4
2060	4
2061	4
2062	4
2063	4
2064	4
2065	4
2066	5
2067	5
2068	4
2069	4
2070	4
2071	4
2072	4
2073	4
2074	4
2075	4
2076	4
2077	4
2078	4
2079	4
2080	4
2081	4
2082	4
2083	4
2084	4
2085	4
2086	4
2087	4
2088	4
2089	4
2090	4
2091	4
2092	4
2093	4
2094	4
2095	4
2096	4
2097	4
2098	4
2099	5
2100	5
2101	4
2102	4
2103	4
2104	4
2105	4
2106	4
2107	4
2108	4
2109	4
2110	4
2111	4
2112	4
2113	4
2114	4
2115	4
2116	4
2117	4
2118	5
2119	4
2120	4
2121	4
2122	4
2123	4
2124	4
2125	4
2126	4
2127	4
2128	4
2129	4
2130	4
2131	4
2132	4
2133	4
2134	4
2135	4
2136	4
2137	4
2138	4
2139	4
2140	4
2141	4
2142	4
2143	4
2144	4
2145	4
2146	4
2147	4
2148	4
2149	4
2150	4
2151	4
2152	4
2153	4
2154	4
2155	4
2156	4
2157	4
2158	4
2159	4
2160	4
2161	4
2162	4
2163	4
2164	4
2165	4
2166	4
2167	4
2168	4
2169	4
2170	4
2171	4
2172	4
2173	4
2174	4
2175	4
2176	4
2177	4
2178	4
2179	4
2180	5
2181	4
2182	4
2183	4
2184	4
2185	4
2186	4
2187	4
2188	4
2189	4
2190	4
2191	4
2192	4
2193	4
2194	4
2195	4
2196	4
2197	4
2198	4
2199	4
2200	4
2201	4
2202	4
2203	4
2204	4
2205	4
2206	4
2207	4
2208	4
2209	4
2210	4
2211	4
2212	4
2213	4
2214	4
2215	4
2216	4
2217	4
2218	4
2219	4
2220	4
2221	4
2222	4
2223	4
2224	4
2225	4
2226	4
2227	4
2228	4
2229	4
2230	4
2231	4
2232	4
2233	4
2234	4
2235	4
2236	4
2237	4
2238	4
2239	4
2240	4
2241	4
2242	4
2243	4
2244	4
2245	4
2246	4
2247	4
2248	4
2249	4
2250	4
2251	4
2252	4
2253	4
2254	4
2255	4
2256	4
2257	4
2258	4
2259	4
2260	4
2261	4
2262	4
2263	4
2264	4
2265	4
2266	4
2267	4
2268	4
2269	4
2270	4
2271	4
2272	4
2273	4
2274	4
2275	4
2276	4
2277	4
2278	4
2279	4
2280	4
2281	4
2282	4
2283	4
2284	4
2285	4
2286	4
2287	4
2288	4
2289	4
2290	4
2291	4
2292	4
2293	4
2294	4
2295	4
2296	4
2297	4
2298	4
2299	4
2300	4
2301	4
2302	4
2303	4
2304	4
2305	4
2306	4
2307	4
2308	4
2309	4
2310	4
2311	4
2312	4
2313	4
2314	4
2315	4
2316	4
2317	4
2318	4
2319	4
2320	4
2321	4
2322	4
2323	4
2324	4
2325	4
2326	4
2327	4
2328	4
2329	4
2330	4
2331	4
2332	5
2333	5
2334	5
2335	5
2336	5
2337	5
2338	4
2339	5
2340	5
2341	5
2342	5
2343	5
2344	5
2345	5
2346	4
2347	4
2348	4
2349	4
2350	4
2351	4
2352	4
2353	4
2354	4
2355	4
2356	4
2357	4
2358	4
2359	4
2360	4
2361	4
2362	4
2363	4
2364	4
2365	4
2366	4
2367	4
2368	4
2369	4
2370	4
2371	4
2372	4
2373	4
2374	4
2375	4
2376	4
2377	4
2378	4
2379	5
2380	5
2381	4
2382	4
2383	4
2384	4
2385	4
2386	4
2387	4
2388	4
2389	4
2390	4
2391	4
2392	4
2393	4
2394	4
2395	4
2396	4
2397	4
2398	4
2399	4
2400	5
2401	5
2402	5
2403	5
2404	5
2405	5
2406	5
2407	6
2408	5
2409	5
2410	5
2411	5
2412	5
2413	5
2414	5
2415	5
2416	5
2417	4
2418	4
2419	4
2420	4
2421	4
2422	4
2423	4
2424	4
2425	4
2426	4
2427	4
2428	4
2429	5
2430	5
2431	4
2432	4
2433	4
2434	4
2435	4
2436	4
2437	4
2438	4
2439	4
2440	4
2441	4
2442	4
2443	4
2444	4
2445	4
2446	4
2447	4
2448	4
2449	4
2450	4
2451	4
2452	4
2453	4
2454	4
2455	4
2456	4
2457	4
2458	4
2459	4
2460	4
2461	4
2462	4
2463	4
2464	4
2465	4
2466	4
2467	4
2468	4
2469	4
2470	4
2471	4
2472	4
2473	4
2474	4
2475	4
2476	4
2477	4
2478	4
2479	4
2480	4
2481	4
2482	4
2483	4
2484	4
2485	4
2486	4
2487	4
2488	4
2489	4
2490	4
2491	4
2492	4
2493	4
2494	4
2495	4
2496	4
2497	4
2498	4
2499	4
2500	4
2501	4
2502	4
2503	4
2504	4
2505	4
2506	4
2507	4
2508	4
2509	4
2510	4
2511	4
2512	4
2513	4
2514	4
2515	4
2516	4
2517	4
2518	4
2519	4
2520	4
2521	4
2522	4
2523	4
2524	4
2525	4
2526	4
2527	4
2528	4
2529	4
2530	4
2531	4
2532	4
2533	4
2534	4
2535	4
2536	4
2537	4
2538	4
2539	4
2540	4
2541	4
2542	4
2543	4
2544	4
2545	4
2546	4
2547	4
2548	4
2549	4
2550	4
2551	4
2552	4
2553	4
2554	4
2555	4
2556	4
2557	4
2558	4
2559	5
2560	5
2561	5
2562	5
2563	5
2564	5
2565	5
2566	5
2567	5
2568	5
2569	5
2570	5
2571	5
2572	5
2573	5
2574	5
2575	5
2576	5
2577	5
2578	5
2579	6
2580	6
2581	6
2582	6
2583	6
2584	6
2585	6
2586	6
2587	6
2588	5
2589	5
2590	5
2591	5
2592	5
2593	5
2594	5
2595	5
2596	5
2597	5
2598	5
2599	4
2600	4
2601	4
2602	4
2603	4
2604	4
2605	4
2606	4
2607	4
2608	4
2609	4
2610	4
2611	4
2612	4
2613	4
2614	4
2615	4
2616	4
2617	4
2618	4
2619	4
2620	4
2621	4
2622	4
2623	4
2624	5
2625	4
2626	4
2627	4
2628	4
2629	4
2630	4
2631	4
2632	4
2633	4
2634	4
2635	4
2636	4
2637	4
2638	4
2639	4
2640	4
2641	4
2642	4
2643	4
2644	4
2645	4
2646	4
2647	4
2648	4
2649	4
2650	4
2651	4
2652	4
2653	4
2654	4
2655	4
2656	4
2657	4
2658	4
2659	4
2660	4
2661	4
2662	4
2663	4
2664	4
2665	4
2666	4
2667	4
2668	4
2669	4
2670	4
2671	4
2672	4
2673	4
2674	4
2675	4
2676	4
2677	4
2678	4
2679	4
2680	4
2681	4
2682	4
2683	4
2684	4
2685	4
2686	4
2687	4
2688	4
2689	5
2690	5
2691	4
2692	4
2693	4
2694	4
2695	4
2696	4
2697	4
2698	4
2699	4
2700	4
2701	4
2702	4
2703	4
2704	4
2705	4
2706	4
2707	4
2708	4
2709	4
2710	4
2711	4
2712	4
2713	4
2714	4
2715	4
2716	4
2717	4
2718	4
2719	4
2720	4
2721	4
2722	4
2723	5
2724	4
2725	4
2726	4
2727	5
2728	4
2729	4
2730	4
2731	4
2732	4
2733	4
2734	4
2735	4
2736	4
2737	4
2738	4
2739	4
2740	4
2741	4
2742	4
2743	4
2744	4
2745	4
2746	4
2747	4
2748	4
2749	4
2750	4
2751	4
2752	4
2753	4
2754	4
2755	4
2756	4
2757	4
2758	4
2759	4
2760	4
2761	4
2762	4
2763	4
2764	4
2765	4
2766	4
2767	4
2768	4
2769	4
2770	4
2771	4
2772	4
2773	4
2774	4
2775	5
2776	4
2777	4
2778	4
2779	4
2780	4
2781	4
2782	4
2783	4
2784	4
2785	4
2786	4
2787	4
2788	4
2789	4
2790	4
2791	4
2792	5
2793	5
2794	5
2795	5
2796	5
2797	5
2798	4
2799	4
2800	4
2801	4
2802	4
2803	4
2804	4
2805	4
2806	4
2807	4
2808	4
2809	4
2810	4
2811	4
2812	4
2813	4
2814	4
2815	4
2816	4
2817	4
2818	4
2819	4
2820	4
2821	4
2822	4
2823	4
2824	4
2825	4
2826	4
2827	4
2828	4
2829	4
2830	4
2831	4
2832	4
2833	4
2834	4
2835	5
2836	4
2837	5
2838	5
2839	5
2840	4
2841	4
2842	4
2843	4
2844	4
2845	4
2846	4
2847	4
2848	4
2849	4
2850	4
2851	4
2852	4
2853	4
2854	4
2855	4
2856	4
2857	4
2858	5
2859	4
2860	4
2861	4
2862	4
2863	4
2864	4
2865	4
2866	4
2867	4
2868	4
2869	4
2870	4
2871	4
2872	4
2873	4
2874	4
2875	4
2876	4
2877	4
2878	4
2879	4
2880	4
2881	5
2882	4
2883	4
2884	4
2885	4
2886	4
2887	4
2888	4
2889	4
2890	4
2891	4
2892	4
2893	4
2894	4
2895	5
2896	4
2897	4
2898	4
2899	4
2900	4
2901	4
2902	4
2903	4
2904	4
2905	4
2906	4
2907	4
2908	4
2909	4
2910	4
2911	4
2912	4
2913	4
2914	4
2915	4
2916	4
2917	4
2918	4
2919	4
2920	4
2921	4
2922	4
2923	4
2924	4
2925	4
2926	5
2927	5
2928	5
2929	6
2930	5
2931	5
2932	4
2933	4
2934	4
2935	4
2936	4
2937	4
2938	4
2939	4
2940	4
2941	4
2942	4
2943	4
2944	4
2945	4
2946	4
2947	4
2948	4
2949	4
2950	4
2951	4
2952	4
2953	4
2954	4
2955	4
2956	4
2957	4
2958	4
2959	4
2960	4
2961	4
2962	4
2963	4
2964	4
2965	4
2966	4
2967	4
2968	4
2969	4
2970	4
2971	4
2972	4
2973	4
2974	4
2975	4
2976	5
2977	5
2978	4
2979	4
2980	4
2981	4
2982	4
2983	4
2984	4
2985	4
2986	4
2987	4
2988	4
2989	4
2990	4
2991	4
2992	4
2993	4
2994	4
2995	4
2996	5
2997	5
2998	4
2999	4
3000	4
3001	4
3002	4
3003	4
3004	4
3005	4
3006	4
3007	4
3008	4
3009	4
3010	4
3011	4
3012	4
3013	4
3014	4
3015	4
3016	4
3017	4
3018	4
3019	4
3020	4
3021	4
3022	4
3023	4
3024	4
3025	4
3026	4
3027	4
3028	4
3029	4
3030	4
3031	4
3032	4
3033	4
3034	4
3035	4
3036	4
3037	4
3038	4
3039	4
3040	4
3041	4
3042	4
3043	4
3044	4
3045	4
3046	4
3047	4
3048	4
3049	4
3050	5
3051	5
3052	4
3053	4
3054	4
3055	5
3056	5
3057	5
3058	5
3059	5
3060	5
3061	5
3062	5
3063	6
3064	6
3065	6
3066	6
3067	5
3068	5
3069	5
3070	4
3071	4
3072	4
3073	4
3074	4
3075	5
3076	4
3077	4
3078	4
3079	4
3080	4
3081	4
3082	4
3083	4
3084	4
3085	4
3086	4
3087	4
3088	4
3089	4
3090	4
3091	4
3092	4
3093	4
3094	4
3095	4
3096	5
3097	4
3098	4
3099	4
3100	5
3101	5
3102	5
3103	4
3104	4
3105	4
3106	4
3107	4
3108	4
3109	4
3110	4
3111	4
3112	4
3113	4
3114	4
3115	4
3116	4
3117	4
3118	4
3119	4
3120	4
3121	4
3122	4
3123	4
3124	4
3125	5
3126	4
3127	4
3128	4
3129	4
3130	4
3131	4
3132	4
3133	4
3134	4
3135	4
3136	4
3137	4
3138	4
3139	4
3140	4
3141	4
3142	4
3143	4
3144	4
3145	4
3146	4
3147	4
3148	4
3149	4
3150	4
3151	6
3152	4
3153	4
3154	4
3155	5
3156	4
3157	4
3158	4
3159	4
3160	4
3161	4
3162	4
3163	4
3164	4
3165	4
3166	4
3167	4
3168	4
3169	4
3170	4
3171	4
3172	4
3173	4
3174	4
3175	4
3176	4
3177	4
3178	4
3179	4
3180	4
3181	4
3182	4
3183	4
3184	4
3185	4
3186	4
3187	4
3188	4
3189	4
3190	4
3191	4
3192	4
3193	4
3194	4
3195	4
3196	4
3197	4
3198	4
3199	4
3200	5
3201	5
3202	5
3203	5
3204	5
3205	5
3206	5
3207	5
3208	5
3209	5
3210	5
3211	5
3212	5
3213	5
3214	5
3215	5
3216	5
3217	5
3218	5
3219	5
3220	5
3221	5
3222	5
3223	5
3224	5
3225	5
3226	4
3227	4
3228	5
3229	5
3230	5
3231	5
3232	5
3233	5
3234	5
3235	5
3236	5
3237	5
3238	5
3239	5
3240	5
3241	5
3242	5
3243	5
3244	5
3245	5
3246	5
3247	5
3248	6
3249	5
3250	5
3251	5
3252	5
3253	4
3254	4
3255	4
3256	4
3257	4
3258	4
3259	4
3260	5
3261	5
3262	5
3263	5
3264	5
3265	5
3266	5
3267	4
3268	4
3269	4
3270	4
3271	4
3272	4
3273	4
3274	4
3275	4
3276	4
3277	4
3278	4
3279	4
3280	4
3281	4
3282	4
3283	4
3284	4
3285	4
3286	4
3287	4
3288	5
3289	5
3290	5
3291	5
3292	5
3293	5
3294	5
3295	5
3296	4
3297	4
3298	4
3299	4
3300	5
3301	5
3302	5
3303	4
3304	4
3305	4
3306	4
3307	4
3308	4
3309	4
3310	4
3311	4
3312	4
3313	4
3314	4
3315	4
3316	4
3317	4
3318	4
3319	4
3320	4
3321	4
3322	4
3323	4
3324	4
3325	4
3326	4
3327	4
3328	4
3329	4
3330	4
3331	4
3332	4
3333	4
3334	4
3335	4
3336	4
3337	4
3338	4
3339	4
3340	4
3341	4
3342	4
3343	4
3344	4
3345	4
3346	4
3347	4
3348	4
3349	4
3350	4
3351	4
3352	4
3353	4
3354	4
3355	4
3356	4
3357	4
3358	4
3359	4
3360	4
3361	4
3362	4
3363	4
3364	4
3365	4
3366	4
3367	4
3368	4
3369	4
3370	4
3371	4
3372	4
3373	4
3374	4
3375	4
3376	4
3377	4
3378	4
3379	4
3380	4
3381	4
3382	4
3383	4
3384	4
3385	4
3386	4
3387	4
3388	4
3389	4
3390	4
3391	4
3392	4
3393	4
3394	4
3395	4
3396	4
3397	4
3398	4
3399	4
3400	4
3401	4
3402	4
3403	4
3404	4
3405	4
3406	4
3407	4
3408	4
3409	4
3410	4
3411	4
3412	4
3413	4
3414	4
3415	5
3416	4
3417	4
3418	4
3419	4
3420	4
3421	4
3422	4
3423	5
3424	5
3425	5
3426	5
3427	5
3428	5
3429	5
3430	5
3431	5
3432	5
3433	5
3434	5
3435	5
3436	6
3437	6
3438	5
3439	5
3440	4
3441	4
3442	4
3443	4
3444	4
3445	4
3446	4
3447	4
3448	4
3449	4
3450	4
3451	4
3452	4
3453	4
3454	4
3455	4
3456	4
3457	4
3458	4
3459	4
3460	4
3461	4
3462	4
3463	4
3464	4
3465	4
3466	4
3467	4
3468	4
3469	4
3470	4
3471	4
3472	4
3473	4
3474	4
3475	4
3476	4
3477	4
3478	4
3479	4
3480	4
3481	4
3482	4
3483	4
3484	4
3485	5
3486	5
3487	5
3488	5
3489	5
3490	5
3491	5
3492	5
3493	5
3494	5
3495	5
3496	5
3497	5
3498	5
3499	5
3500	5
3501	5
3502	5
3503	5
3504	5
3505	5
3506	5
3507	4
3508	4
3509	4
3510	4
3511	4
3512	4
3513	4
3514	4
3515	4
3516	4
3517	4
3518	4
3519	4
3520	4
3521	4
3522	4
3523	4
3524	5
3525	4
3526	4
3527	4
3528	4
3529	4
3530	5
3531	5
3532	4
3533	4
3534	4
3535	4
3536	4
3537	4
3538	4
3539	4
3540	4
3541	4
3542	4
3543	4
3544	4
3545	4
3546	4
3547	4
3548	4
3549	4
3550	4
3551	4
3552	4
3553	4
3554	4
3555	4
3556	4
3557	4
3558	4
3559	4
3560	4
3561	4
3562	4
3563	4
3564	4
3565	4
3566	4
3567	4
3568	4
3569	4
3570	4
3571	4
3572	4
3573	4
3574	4
3575	4
3576	4
3577	4
3578	4
3579	4
3580	4
3581	4
3582	4
3583	4
3584	4
3585	4
3586	4
3587	4
3588	4
3589	4
3590	4
3591	4
3592	4
3593	4
3594	4
3595	4
3596	4
3597	4
3598	4
3599	4
3600	4
3601	4
3602	4
3603	4
3604	4
3605	4
3606	4
3607	4
3608	4
3609	4
3610	4
3611	4
3612	4
3613	4
3614	4
3615	4
3616	4
3617	4
3618	4
3619	4
3620	4
3621	4
3622	4
3623	4
3624	4
3625	4
3626	4
3627	4
3628	5
3629	5
3630	5
3631	5
3632	4
3633	4
3634	4
3635	4
3636	4
3637	4
3638	4
3639	4
3640	4
3641	4
3642	4
3643	4
3644	4
3645	4
3646	4
3647	4
3648	4
3649	4
3650	4
3651	4
3652	4
3653	4
3654	4
3655	4
3656	4
3657	4
3658	4
3659	4
3660	4
3661	4
3662	4
3663	4
3664	4
3665	4
3666	4
3667	4
3668	4
3669	4
3670	4
3671	4
3672	4
3673	5
3674	5
3675	5
3676	4
3677	4
3678	4
3679	4
3680	4
3681	4
3682	4
3683	4
3684	4
3685	4
3686	4
3687	4
3688	4
3689	4
3690	4
3691	4
3692	4
3693	4
3694	4
3695	4
3696	4
3697	4
3698	4
3699	4
3700	4
3701	4
3702	4
3703	4
3704	4
3705	4
3706	4
3707	4
3708	4
3709	4
3710	4
3711	4
3712	4
3713	4
3714	4
3715	4
3716	4
3717	4
3718	4
3719	4
3720	4
3721	4
3722	4
3723	4
3724	4
3725	4
3726	4
3727	5
3728	4
3729	4
3730	4
3731	4
3732	4
3733	4
3734	4
3735	4
3736	4
3737	4
3738	4
3739	4
3740	4
3741	4
3742	5
3743	5
3744	5
3745	5
3746	4
3747	4
3748	4
3749	4
3750	4
3751	4
3752	4
3753	4
3754	4
3755	4
3756	4
3757	4
3758	4
3759	4
3760	4
3761	4
3762	4
3763	4
3764	4
3765	4
3766	4
3767	4
3768	4
3769	4
3770	4
3771	4
3772	5
3773	5
3774	4
3775	4
3776	4
3777	4
3778	4
3779	4
3780	4
3781	4
3782	4
3783	4
3784	4
3785	5
3786	5
3787	4
3788	5
3789	5
3790	5
3791	5
3792	5
3793	5
3794	5
3795	5
3796	5
3797	5
3798	5
3799	4
3800	4
3801	4
3802	4
3803	4
3804	4
3805	5
3806	5
3807	4
3808	4
3809	4
3810	4
3811	4
3812	4
3813	4
3814	4
3815	4
3816	4
3817	4
3818	4
3819	4
3820	4
3821	5
3822	4
3823	4
3824	4
3825	4
3826	4
3827	4
3828	4
3829	4
3830	4
3831	4
3832	4
3833	4
3834	4
3835	4
3836	4
3837	4
3838	4
3839	4
3840	4
3841	4
3842	4
3843	4
3844	4
3845	4
3846	4
3847	4
3848	4
3849	4
3850	4
3851	4
3852	4
3853	4
3854	4
3855	4
3856	4
3857	4
3858	4
3859	4
3860	4
3861	4
3862	4
3863	4
3864	4
3865	4
3866	4
3867	4
3868	4
3869	5
3870	5
3871	5
3872	5
3873	5
3874	5
3875	5
3876	5
3877	5
3878	5
3879	5
3880	5
3881	5
3882	5
3883	5
3884	5
3885	5
3886	5
3887	5
3888	5
3889	5
3890	5
3891	5
3892	5
3893	5
3894	5
3895	5
3896	5
3897	5
3898	5
3899	5
3900	5
3901	5
3902	5
3903	5
3904	5
3905	5
3906	5
3907	5
3908	5
3909	5
3910	5
3911	5
3912	6
3913	5
3914	5
3915	5
3916	5
3917	5
3918	5
3919	5
3920	5
3921	5
3922	5
3923	5
3924	5
3925	5
3926	5
3927	5
3928	5
3929	5
3930	5
3931	5
3932	5
3933	5
3934	5
3935	5
3936	5
3937	5
3938	5
3939	5
3940	5
3941	5
3942	5
3943	5
3944	5
3945	5
3946	5
3947	5
3948	4
3949	4
3950	4
3951	4
3952	4
3953	4
3954	4
3955	4
3956	4
3957	4
3958	4
3959	4
3960	4
3961	4
3962	5
3963	5
3964	5
3965	6
3966	5
3967	4
3968	4
3969	4
3970	4
3971	4
3972	4
3973	4
3974	5
3975	5
3976	5
3977	4
3978	4
3979	4
3980	5
3981	5
3982	5
3983	5
3984	4
3985	4
3986	4
3987	4
3988	4
3989	4
3990	4
3991	4
3992	4
3993	4
3994	4
3995	4
3996	4
3997	4
3998	4
3999	4
4000	5
4001	5
4002	5
4003	5
4004	5
4005	5
4006	5
4007	5
4008	5
4009	5
4010	5
4011	5
4012	5
4013	5
4014	5
4015	5
4016	5
4017	4
4018	4
4019	5
4020	4
4021	4
4022	4
4023	5
4024	5
4025	4
4026	4
4027	4
4028	4
4029	4
4030	4
4031	4
4032	4
4033	4
4034	4
4035	4
4036	4
4037	4
4038	4
4039	4
4040	4
4041	4
4042	4
4043	4
4044	4
4045	4
4046	4
4047	4
4048	4
4049	4
4050	4
4051	4
4052	4
4053	4
4054	4
4055	4
4056	4
4057	4
4058	4
4059	4
4060	4
4061	4
4062	4
4063	4
4064	4
4065	4
4066	4
4067	4
4068	5
4069	5
4070	4
4071	4
4072	4
4073	4
4074	4
4075	5
4076	5
4077	5
4078	5
4079	4
4080	4
4081	4
4082	4
4083	4
4084	4
4085	4
4086	4
4087	4
4088	4
4089	4
4090	4
4091	4
4092	4
4093	4
4094	4
4095	4
4096	4
4097	4
4098	4
4099	4
4100	4
4101	4
4102	4
4103	4
4104	4
4105	4
4106	4
4107	4
4108	4
4109	4
4110	4
4111	4
4112	4
4113	5
4114	5
4115	5
4116	5
4117	5
4118	5
4119	5
4120	5
4121	5
4122	5
4123	4
4124	4
4125	4
4126	4
4127	4
4128	4
4129	4
4130	4
4131	4
4132	4
4133	4
4134	4
4135	4
4136	4
4137	4
4138	4
4139	4
4140	4
4141	4
4142	4
4143	4
4144	4
4145	4
4146	4
4147	4
4148	4
4149	4
4150	4
4151	4
4152	4
4153	4
4154	4
4155	4
4156	4
4157	4
4158	4
4159	4
4160	4
4161	4
4162	4
4163	4
4164	4
4165	4
4166	4
4167	4
4168	4
4169	4
4170	4
4171	4
4172	4
4173	4
4174	4
4175	4
4176	4
4177	4
4178	4
4179	4
4180	4
4181	4
4182	4
4183	4
4184	4
4185	4
4186	4
4187	5
4188	5
4189	5
4190	5
4191	5
4192	4
4193	4
4194	4
4195	4
4196	4
4197	4
4198	4
4199	4
4200	4
4201	4
4202	4
4203	4
4204	4
4205	4
4206	4
4207	4
4208	4
4209	5
4210	5
4211	4
4212	4
4213	4
4214	4
4215	4
4216	4
4217	4
4218	4
4219	4
4220	4
4221	4
4222	4
4223	4
4224	4
4225	4
4226	4
4227	4
4228	4
4229	4
4230	4
4231	4
4232	4
4233	4
4234	4
4235	4
4236	4
4237	4
4238	4
4239	4
4240	4
4241	4
4242	4
4243	4
4244	4
4245	4
4246	5
4247	5
4248	4
4249	4
4250	4
4251	4
4252	4
4253	4
4254	4
4255	4
4256	4
4257	4
4258	4
4259	4
4260	4
4261	4
4262	4
4263	4
4264	4
4265	4
4266	4
4267	4
4268	4
4269	4
4270	4
4271	4
4272	4
4273	4
4274	4
4275	4
4276	4
4277	4
4278	4
4279	4
4280	4
4281	4
4282	4
4283	4
4284	4
4285	4
4286	4
4287	4
4288	4
4289	4
4290	4
4291	4
4292	4
4293	4
4294	4
4295	4
4296	4
4297	4
4298	4
4299	4
4300	4
4301	4
4302	4
4303	4
4304	4
4305	4
4306	4
4307	4
4308	4
4309	4
4310	4
4311	4
4312	4
4313	4
4314	4
4315	4
4316	4
4317	4
4318	4
4319	5
4320	4
4321	4
4322	4
4323	4
4324	4
4325	4
4326	4
4327	4
4328	4
4329	4
4330	4
4331	4
4332	4
4333	4
4334	4
4335	4
4336	4
4337	4
4338	4
4339	4
4340	4
4341	4
4342	4
4343	4
4344	4
4345	4
4346	4
4347	4
4348	4
4349	4
4350	4
4351	4
4352	4
4353	4
4354	4
4355	4
4356	4
4357	4
4358	4
4359	4
4360	4
4361	4
4362	4
4363	4
4364	4
4365	4
4366	4
4367	4
4368	4
4369	4
4370	4
4371	4
4372	4
4373	4
4374	4
4375	4
4376	4
4377	4
4378	4
4379	4
4380	4
4381	4
4382	4
4383	4
4384	4
4385	4
4386	4
4387	4
4388	4
4389	4
4390	4
4391	4
4392	4
4393	4
4394	4
4395	4
4396	4
4397	4
4398	4
4399	4
4400	4
4401	4
4402	4
4403	4
4404	4
4405	4
4406	4
4407	4
4408	4
4409	4
4410	4
4411	4
4412	4
4413	4
4414	4
4415	4
4416	4
4417	4
4418	4
4419	4
4420	4
4421	4
4422	4
4423	4
4424	4
4425	4
4426	5
4427	5
4428	4
4429	4
4430	4
4431	4
4432	4
4433	4
4434	4
4435	4
4436	4
4437	4
4438	4
4439	4
4440	4
4441	4
4442	4
4443	4
4444	4
4445	4
4446	4
4447	4
4448	4
4449	4
4450	4
4451	4
4452	4
4453	4
4454	4
4455	4
4456	4
4457	4
4458	4
4459	4
4460	4
4461	4
4462	4
4463	4
4464	4
4465	4
4466	4
4467	4
4468	4
4469	4
4470	4
4471	4
4472	4
4473	4
4474	4
4475	5
4476	5
4477	5
4478	5
4479	5
4480	5
4481	5
4482	5
4483	4
4484	4
4485	4
4486	4
4487	4
4488	4
4489	4
4490	4
4491	4
4492	4
4493	4
4494	4
4495	4
4496	4
4497	4
4498	4
4499	4
4500	4
4501	4
4502	4
4503	4
4504	4
4505	4
4506	4
4507	4
4508	4
4509	4
4510	4
4511	4
4512	4
4513	4
4514	4
4515	4
4516	4
4517	4
4518	4
4519	4
4520	5
4521	5
4522	5
4523	4
4524	4
4525	4
4526	4
4527	4
4528	4
4529	4
4530	4
4531	4
4532	4
4533	4
4534	4
4535	4
4536	4
4537	4
4538	4
4539	4
4540	4
4541	4
4542	4
4543	4
4544	4
4545	4
4546	5
4547	4
4548	4
4549	4
4550	4
4551	4
4552	4
4553	4
4554	4
4555	4
4556	4
4557	4
4558	4
4559	4
4560	4
4561	4
4562	4
4563	4
4564	4
4565	4
4566	4
4567	4
4568	4
4569	4
4570	4
4571	4
4572	4
4573	4
4574	4
4575	4
4576	4
4577	4
4578	4
4579	4
4580	4
4581	4
4582	5
4583	5
4584	4
4585	4
4586	4
4587	4
4588	4
4589	4
4590	4
4591	4
4592	4
4593	4
4594	4
4595	4
4596	4
4597	4
4598	4
4599	4
4600	4
4601	4
4602	4
4603	4
4604	4
4605	4
4606	4
4607	4
4608	4
4609	4
4610	4
4611	4
4612	4
4613	4
4614	4
4615	4
4616	4
4617	4
4618	4
4619	4
4620	4
4621	4
4622	4
4623	4
4624	4
4625	4
4626	4
4627	4
4628	4
4629	4
4630	4
4631	4
4632	4
4633	4
4634	4
4635	4
4636	4
4637	4
4638	4
4639	4
4640	4
4641	4
4642	4
4643	4
4644	4
4645	4
4646	5
4647	5
4648	4
4649	4
4650	4
4651	4
4652	4
4653	4
4654	4
4655	4
4656	4
4657	4
4658	5
4659	5
4660	5
4661	5
4662	4
4663	4
4664	4
4665	4
4666	4
4667	4
4668	4
4669	4
4670	4
4671	4
4672	4
4673	4
4674	4
4675	4
4676	4
4677	4
4678	4
4679	4
4680	4
4681	4
4682	4
4683	4
4684	4
4685	4
4686	4
4687	4
4688	5
4689	5
4690	6
4691	4
4692	4
4693	4
4694	4
4695	4
4696	4
4697	4
4698	4
4699	4
4700	4
4701	4
4702	4
4703	4
4704	4
4705	4
4706	4
4707	4
4708	4
4709	4
4710	4
4711	4
4712	4
4713	4
4714	4
4715	4
4716	4
4717	4
4718	4
4719	4
4720	4
4721	5
4722	4
4723	4
4724	4
4725	4
4726	4
4727	4
4728	4
4729	4
4730	4
4731	4
4732	4
4733	4
4734	4
4735	4
4736	4
4737	4
4738	4
4739	4
4740	4
4741	4
4742	4
4743	4
4744	4
4745	4
4746	4
4747	4
4748	4
4749	4
4750	4
4751	4
4752	4
4753	4
4754	4
4755	4
4756	4
4757	4
4758	4
4759	4
4760	4
4761	4
4762	4
4763	4
4764	4
4765	4
4766	4
4767	4
4768	4
4769	4
4770	4
4771	4
4772	4
4773	4
4774	4
4775	4
4776	4
4777	4
4778	4
4779	5
4780	4
4781	4
4782	4
4783	4
4784	4
4785	4
4786	4
4787	4
4788	4
4789	4
4790	4
4791	4
4792	4
4793	4
4794	4
4795	4
4796	4
4797	4
4798	4
4799	4
4800	4
4801	4
4802	4
4803	4
4804	4
4805	4
4806	4
4807	4
4808	4
4809	4
4810	4
4811	4
4812	4
4813	4
4814	5
4815	5
4816	5
4817	5
4818	5
4819	5
4820	5
4821	5
4822	5
4823	5
4824	5
4825	5
4826	5
4827	5
4828	5
4829	5
4830	5
4831	5
4832	5
4833	5
4834	5
4835	5
4836	5
4837	5
4838	5
4839	5
4840	5
4841	5
4842	5
4843	5
4844	5
4845	5
4846	5
4847	5
4848	5
4849	6
4850	6
4851	6
4852	6
4853	6
4854	6
4855	6
4856	6
4857	6
4858	6
4859	6
4860	6
4861	5
4862	5
4863	5
4864	5
4865	5
4866	5
4867	5
4868	5
4869	6
4870	5
4871	5
4872	5
4873	5
4874	5
4875	5
4876	6
4877	6
4878	6
4879	5
4880	5
4881	5
4882	5
4883	5
4884	5
4885	5
4886	5
4887	6
4888	6
4889	6
4890	5
4891	5
4892	5
4893	5
4894	5
4895	5
4896	5
4897	5
4898	5
4899	5
4900	5
4901	5
4902	5
4903	5
4904	5
4905	5
4906	5
4907	5
4908	5
4909	5
4910	5
4911	5
4912	5
4913	6
4914	6
4915	6
4916	6
4917	5
4918	5
4919	5
4920	5
4921	5
4922	6
4923	6
4924	5
4925	5
4926	5
4927	5
4928	5
4929	5
4930	5
4931	5
4932	5
4933	5
4934	5
4935	5
4936	5
4937	5
4938	5
4939	5
4940	5
4941	5
4942	5
4943	5
4944	5
4945	5
4946	5
4947	5
4948	5
4949	5
4950	5
4951	5
4952	5
4953	5
4954	5
4955	5
4956	5
4957	5
4958	5
4959	5
4960	5
4961	5
4962	5
4963	6
4964	5
4965	5
4966	5
4967	5
4968	5
4969	5
4970	5
4971	5
4972	5
4973	5
4974	5
4975	5
4976	5
4977	5
4978	5
4979	5
4980	5
4981	5
4982	6
4983	5
4984	5
4985	5
4986	5
4987	5
4988	5
4989	5
4990	5
4991	5
4992	5
4993	5
4994	5
4995	5
4996	5
4997	5
4998	5
4999	5
5000	5
5001	5
5002	5
5003	5
5004	5
5005	5
5006	5
5007	5
5008	5
5009	5
5010	5
5011	5
5012	5
5013	5
5014	5
5015	5
5016	5
5017	5
5018	5
5019	5
5020	5
5021	5
5022	5
5023	5
5024	5
5025	5
5026	5
5027	5
5028	5
5029	5
5030	5
5031	5
5032	5
5033	5
5034	5
5035	5
5036	5
5037	5
5038	5
5039	5
5040	5
5041	5
5042	5
5043	5
5044	5
5045	5
5046	5
5047	5
5048	5
5049	5
5050	5
5051	5
5052	5
5053	5
5054	5
5055	5
5056	5
5057	5
5058	5
5059	5
5060	5
5061	5
5062	5
5063	5
5064	5
5065	5
5066	5
5067	5
5068	5
5069	5
5070	5
5071	5
5072	5
5073	5
5074	5
5075	5
5076	5
5077	5
5078	5
5079	5
5080	5
5081	6
5082	6
5083	6
5084	6
5085	6
5086	6
5087	6
5088	6
5089	6
5090	6
5091	6
5092	6
5093	6
5094	6
5095	6
5096	6
5097	6
5098	6
5099	6
5100	6
5101	7
5102	6
5103	5
5104	6
5105	6
5106	6
5107	6
5108	6
5109	6
5110	6
5111	6
5112	5
5113	5
5114	6
5115	5
5116	5
5117	5
5118	6
5119	6
5120	6
5121	6
5122	6
5123	6
5124	6
5125	6
5126	6
5127	6
5128	6
5129	6
5130	6
5131	6
5132	6
5133	6
5134	6
5135	6
5136	6
5137	6
5138	7
5139	7
5140	6
5141	6
5142	6
5143	6
5144	6
5145	6
5146	6
5147	6
5148	6
5149	6
5150	6
5151	6
5152	6
5153	6
5154	6
5155	6
5156	6
5157	6
5158	6
5159	6
5160	6
5161	6
5162	6
5163	6
5164	6
5165	6
5166	6
5167	6
5168	6
5169	6
5170	6
5171	6
5172	6
5173	6
5174	6
5175	6
5176	6
5177	6
5178	6
5179	6
5180	7
5181	6
5182	6
5183	6
5184	6
5185	6
5186	6
5187	6
5188	6
5189	6
5190	6
5191	6
5192	6
5193	6
5194	6
5195	6
5196	6
5197	6
5198	6
5199	6
5200	6
5201	6
5202	7
5203	6
5204	7
5205	6
5206	6
5207	6
5208	6
5209	6
5210	6
5211	6
5212	6
5213	6
5214	6
5215	6
5216	6
5217	6
5218	6
5219	6
5220	6
5221	6
5222	6
5223	6
5224	6
5225	6
5226	6
5227	6
5228	7
5229	7
5230	7
5231	7
5232	7
5233	7
5234	7
5235	7
5236	6
5237	6
5238	6
5239	6
5240	6
5241	6
5242	6
5243	6
5244	6
5245	6
5246	7
5247	6
5248	6
5249	6
5250	6
5251	6
5252	6
5253	6
5254	6
5255	6
5256	6
5257	6
5258	6
5259	6
5260	6
5261	6
5262	6
5263	6
5264	6
5265	6
5266	6
5267	6
5268	6
5269	6
5270	6
5271	6
5272	6
5273	6
5274	6
5275	6
5276	6
5277	6
5278	6
5279	6
5280	6
5281	6
5282	6
5283	6
5284	6
5285	6
5286	6
5287	6
5288	6
5289	6
5290	6
5291	6
5292	6
5293	6
5294	6
5295	6
5296	6
5297	6
5298	6
5299	6
5300	6
5301	6
5302	6
5303	6
5304	6
5305	6
5306	6
5307	6
5308	6
5309	6
5310	6
5311	6
5312	6
5313	6
5314	6
5315	6
5316	6
5317	6
5318	6
5319	6
5320	6
5321	6
5322	6
5323	6
5324	7
5325	6
5326	6
5327	6
5328	6
5329	6
5330	6
5331	6
5332	6
5333	6
5334	6
5335	6
5336	6
5337	6
5338	6
5339	6
5340	6
5341	6
5342	6
5343	6
5344	6
5345	6
5346	6
5347	6
5348	6
5349	6
5350	6
5351	6
5352	6
5353	7
5354	6
5355	6
5356	6
5357	6
5358	6
5359	6
5360	6
5361	6
5362	6
5363	6
5364	6
5365	6
5366	6
5367	7
5368	7
5369	7
5370	6
5371	6
5372	6
5373	6
5374	6
5375	6
5376	6
5377	7
5378	7
5379	7
5380	7
5381	6
5382	5
5383	5
5384	5
5385	5
5386	5
5387	5
5388	5
5389	5
5390	5
5391	5
5392	5
5393	5
5394	5
5395	6
5396	6
5397	5
5398	5
5399	5
5400	5
5401	5
5402	5
5403	5
5404	5
5405	5
5406	5
5407	5
5408	5
5409	5
5410	5
5411	5
5412	5
5413	5
5414	5
5415	6
5416	6
5417	6
5418	6
5419	6
5420	6
5421	6
5422	6
5423	6
5424	6
5425	6
5426	6
5427	6
5428	6
5429	6
5430	6
5431	5
5432	5
5433	5
5434	5
5435	6
5436	6
5437	6
5438	6
5439	6
5440	6
5441	6
5442	6
5443	5
5444	5
5445	5
5446	5
5447	5
5448	5
5449	5
5450	5
5451	5
5452	5
5453	5
5454	5
5455	5
5456	5
5457	5
5458	5
5459	5
5460	5
5461	5
5462	5
5463	5
5464	5
5465	5
5466	5
5467	5
5468	5
5469	5
5470	5
5471	5
5472	5
5473	5
5474	5
5475	5
5476	5
5477	5
5478	5
5479	5
5480	5
5481	5
5482	5
5483	5
5484	5
5485	5
5486	5
5487	5
5488	5
5489	5
5490	5
5491	5
5492	5
5493	5
5494	5
5495	5
5496	5
5497	5
5498	5
5499	5
5500	5
5501	5
5502	5
5503	5
5504	5
5505	5
5506	5
5507	5
5508	5
5509	5
5510	5
5511	5
5512	5
5513	5
5514	5
5515	5
5516	5
5517	5
5518	5
5519	5
5520	5
5521	5
5522	5
5523	5
5524	5
5525	5
5526	5
5527	5
5528	5
5529	5
5530	5
5531	5
5532	5
5533	5
5534	5
5535	5
5536	5
5537	5
5538	5
5539	5
5540	5
5541	5
5542	5
5543	5
5544	5
5545	5
5546	5
5547	5
5548	5
5549	5
5550	5
5551	5
5552	5
5553	5
5554	5
5555	5
5556	5
5557	5
5558	5
5559	5
5560	5
5561	5
5562	5
5563	5
5564	6
5565	6
5566	6
5567	8
5568	8
5569	8
5570	7
5571	7
5572	7
5573	7
5574	7
5575	7
5576	6
5577	6
5578	6
5579	6
5580	6
5581	6
5582	6
5583	6
5584	6
5585	6
5586	6
5587	6
5588	6
5589	6
5590	6
5591	6
5592	6
5593	6
5594	6
5595	6
5596	5
5597	5
5598	5
5599	5
5600	5
5601	5
5602	5
5603	6
5604	5
5605	5
5606	5
5607	5
5608	5
5609	5
5610	5
5611	5
5612	5
5613	5
5614	5
5615	5
5616	5
5617	5
5618	5
5619	5
5620	5
5621	5
5622	5
5623	5
5624	5
5625	5
5626	5
5627	5
5628	5
5629	5
5630	5
5631	5
5632	5
5633	5
5634	5
5635	5
5636	5
5637	5
5638	5
5639	5
5640	5
5641	5
5642	5
5643	5
5644	5
5645	5
5646	5
5647	5
5648	5
5649	5
5650	5
5651	5
5652	5
5653	5
5654	6
5655	6
5656	5
5657	5
5658	5
5659	5
5660	5
5661	5
5662	5
5663	5
5664	5
5665	5
5666	5
5667	5
5668	5
5669	5
5670	5
5671	5
5672	5
5673	5
5674	5
5675	5
5676	5
5677	5
5678	5
5679	5
5680	5
5681	5
5682	5
5683	5
5684	5
5685	5
5686	5
5687	5
5688	5
5689	5
5690	5
5691	5
5692	5
5693	5
5694	5
5695	5
5696	5
5697	5
5698	5
5699	5
5700	5
5701	5
5702	5
5703	5
5704	5
5705	5
5706	5
5707	5
5708	5
5709	5
5710	5
5711	5
5712	5
5713	5
5714	5
5715	5
5716	5
5717	5
5718	5
5719	5
5720	5
5721	5
5722	5
5723	5
5724	5
5725	5
5726	5
5727	5
5728	5
5729	5
5730	5
5731	5
5732	5
5733	5
5734	5
5735	5
5736	5
5737	5
5738	5
5739	5
5740	5
5741	5
5742	5
5743	5
5744	5
5745	5
5746	5
5747	5
5748	5
5749	5
5750	5
5751	5
5752	5
5753	5
5754	5
5755	5
5756	5
5757	5
5758	5
5759	5
5760	5
5761	5
5762	5
5763	5
5764	5
5765	5
5766	5
5767	5
5768	5
5769	5
5770	5
5771	5
5772	5
5773	5
5774	5
5775	5
5776	5
5777	5
5778	5
5779	5
5780	5
5781	5
5782	5
5783	5
5784	5
5785	5
5786	5
5787	5
5788	5
5789	5
5790	5
5791	5
5792	5
5793	5
5794	6
5795	6
5796	6
5797	5
5798	5
5799	5
5800	5
5801	5
5802	5
5803	5
5804	5
5805	5
5806	5
5807	5
5808	5
5809	5
5810	5
5811	5
5812	5
5813	5
5814	5
5815	5
5816	5
5817	5
5818	5
5819	5
5820	5
5821	5
5822	5
5823	5
5824	5
5825	5
5826	5
5827	5
5828	5
5829	5
5830	5
5831	5
5832	5
5833	5
5834	5
5835	5
5836	5
5837	5
5838	5
5839	5
5840	5
5841	5
5842	5
5843	5
5844	5
5845	5
5846	5
5847	5
5848	5
5849	5
5850	5
5851	5
5852	5
5853	5
5854	5
5855	5
5856	5
5857	5
5858	5
5859	5
5860	5
5861	5
5862	5
5863	5
5864	5
5865	6
5866	6
5867	5
5868	5
5869	5
5870	5
5871	5
5872	5
5873	5
5874	5
5875	5
5876	5
5877	5
5878	5
5879	5
5880	5
5881	5
5882	5
5883	6
5884	6
5885	6
5886	6
5887	6
5888	6
5889	6
5890	6
5891	5
5892	5
5893	5
5894	6
5895	6
5896	6
5897	6
5898	6
5899	6
5900	6
5901	6
5902	6
5903	6
5904	6
5905	6
5906	6
5907	6
5908	6
5909	6
5910	6
5911	6
5912	6
5913	6
5914	6
5915	6
5916	6
5917	6
5918	7
5919	7
5920	6
5921	6
5922	6
5923	6
5924	6
5925	6
5926	6
5927	6
5928	6
5929	6
5930	6
5931	6
5932	6
5933	6
5934	6
5935	5
5936	5
5937	5
5938	5
5939	5
5940	5
5941	5
5942	5
5943	5
5944	5
5945	5
5946	5
5947	5
5948	5
5949	5
5950	5
5951	5
5952	5
5953	5
5954	5
5955	5
5956	5
5957	5
5958	5
5959	5
5960	5
5961	5
5962	5
5963	5
5964	5
5965	5
5966	5
5967	5
5968	5
5969	5
5970	5
5971	5
5972	5
5973	5
5974	5
5975	5
5976	5
5977	5
5978	5
5979	5
5980	5
5981	5
5982	5
5983	5
5984	5
5985	5
5986	5
5987	5
5988	5
5989	5
5990	5
5991	5
5992	5
5993	5
5994	5
5995	5
5996	5
5997	5
5998	5
5999	5
6000	5
6001	5
6002	5
6003	5
6004	5
6005	5
6006	5
6007	5
6008	5
6009	5
6010	5
6011	5
6012	5
6013	5
6014	5
6015	5
6016	5
6017	5
6018	5
6019	5
6020	5
6021	5
6022	5
6023	5
6024	5
6025	5
6026	5
6027	5
6028	5
6029	5
6030	5
6031	5
6032	5
6033	5
6034	5
6035	5
6036	5
6037	5
6038	5
6039	5
6040	5
6041	5
6042	5
6043	5
6044	5
6045	5
6046	5
6047	5
6048	6
6049	5
6050	5
6051	5
6052	5
6053	5
6054	5
6055	5
6056	5
6057	5
6058	5
6059	5
6060	5
6061	5
6062	5
6063	5
6064	5
6065	5
6066	5
6067	5
6068	5
6069	5
6070	5
6071	5
6072	5
6073	5
6074	5
6075	5
6076	5
6077	5
6078	5
6079	5
6080	5
6081	5
6082	5
6083	5
6084	5
6085	5
6086	5
6087	5
6088	5
6089	5
6090	5
6091	5
6092	5
6093	5
6094	5
6095	5
6096	5
6097	5
6098	5
6099	5
6100	5
6101	5
6102	5
6103	5
6104	5
6105	5
6106	5
6107	5
6108	5
6109	5
6110	5
6111	5
6112	6
6113	5
6114	5
6115	5
6116	5
6117	5
6118	5
6119	5
6120	5
6121	5
6122	5
6123	5
6124	5
6125	6
6126	5
6127	5
6128	5
6129	5
6130	5
6131	5
6132	5
6133	5
6134	5
6135	5
6136	6
6137	6
6138	5
6139	5
6140	5
6141	5
6142	6
6143	6
6144	6
6145	6
6146	6
6147	6
6148	6
6149	6
6150	6
6151	6
6152	6
6153	6
6154	6
6155	6
6156	6
6157	5
6158	5
6159	5
6160	5
6161	5
6162	5
6163	5
6164	5
6165	6
6166	6
6167	5
6168	5
6169	6
6170	5
6171	5
6172	5
6173	5
6174	5
6175	5
6176	5
6177	5
6178	5
6179	5
6180	5
6181	5
6182	5
6183	5
6184	6
6185	5
6186	5
6187	5
6188	5
6189	5
6190	6
6191	6
6192	6
6193	5
6194	5
6195	5
6196	5
6197	5
6198	5
6199	5
6200	5
6201	5
6202	5
6203	5
6204	5
6205	5
6206	5
6207	5
6208	5
6209	5
6210	5
6211	5
6212	5
6213	5
6214	5
6215	5
6216	5
6217	5
6218	5
6219	5
6220	5
6221	5
6222	5
6223	5
6224	5
6225	6
6226	6
6227	5
6228	5
6229	5
6230	5
6231	5
6232	5
6233	5
6234	5
6235	5
6236	5
6237	5
6238	5
6239	5
6240	5
6241	6
6242	6
6243	6
6244	6
6245	6
6246	6
6247	5
6248	5
6249	5
6250	5
6251	5
6252	5
6253	5
6254	5
6255	5
6256	5
6257	5
6258	5
6259	5
6260	5
6261	5
6262	5
6263	5
6264	5
6265	5
6266	5
6267	5
6268	5
6269	5
6270	5
6271	5
6272	5
6273	6
6274	5
6275	5
6276	5
6277	5
6278	5
6279	5
6280	5
6281	5
6282	5
6283	5
6284	5
6285	5
6286	5
6287	5
6288	5
6289	5
6290	5
6291	5
6292	5
6293	5
6294	5
6295	5
6296	5
6297	5
6298	5
6299	5
6300	5
6301	5
6302	5
6303	5
6304	5
6305	5
6306	5
6307	5
6308	5
6309	5
6310	7
6311	7
6312	6
6313	6
6314	6
6315	6
6316	5
6317	6
6318	6
6319	6
6320	6
6321	6
6322	6
6323	6
6324	6
6325	6
6326	6
6327	6
6328	6
6329	6
6330	6
6331	6
6332	6
6333	6
6334	6
6335	5
6336	5
6337	5
6338	5
6339	5
6340	5
6341	5
6342	5
6343	5
6344	5
6345	5
6346	5
6347	5
6348	5
6349	5
6350	5
6351	5
6352	5
6353	5
6354	5
6355	5
6356	5
6357	5
6358	5
6359	5
6360	5
6361	5
6362	5
6363	5
6364	5
6365	5
6366	5
6367	5
6368	5
6369	5
6370	5
6371	5
6372	5
6373	5
6374	5
6375	5
6376	5
6377	5
6378	5
6379	5
6380	5
6381	5
6382	5
6383	5
6384	5
6385	5
6386	5
6387	5
6388	5
6389	5
6390	5
6391	5
6392	5
6393	5
6394	5
6395	5
6396	5
6397	5
6398	5
6399	5
6400	5
6401	5
6402	5
6403	5
6404	5
6405	5
6406	5
6407	5
6408	5
6409	5
6410	5
6411	5
6412	5
6413	5
6414	5
6415	5
6416	5
6417	5
6418	5
6419	5
6420	5
6421	5
6422	5
6423	5
6424	5
6425	5
6426	5
6427	5
6428	5
6429	5
6430	5
6431	5
6432	5
6433	5
6434	5
6435	5
6436	5
6437	5
6438	5
6439	5
6440	5
6441	5
6442	5
6443	5
6444	5
6445	5
6446	5
6447	5
6448	5
6449	5
6450	5
6451	5
6452	5
6453	5
6454	5
6455	5
6456	5
6457	5
6458	5
6459	5
6460	5
6461	5
6462	5
6463	5
6464	5
6465	5
6466	5
6467	5
6468	5
6469	5
6470	5
6471	6
6472	6
6473	6
6474	6
6475	6
6476	6
6477	6
6478	6
6479	6
6480	5
6481	5
6482	5
6483	5
6484	5
6485	5
6486	5
6487	5
6488	5
6489	5
6490	5
6491	5
6492	5
6493	5
6494	5
6495	5
6496	5
6497	5
6498	5
6499	5
6500	5
6501	5
6502	5
6503	5
6504	5
6505	5
6506	5
6507	6
6508	5
6509	5
6510	5
6511	5
6512	5
6513	5
6514	5
6515	5
6516	5
6517	5
6518	5
6519	5
6520	5
6521	5
6522	5
6523	5
6524	5
6525	5
6526	5
6527	5
6528	5
6529	5
6530	5
6531	5
6532	5
6533	5
6534	5
6535	5
6536	5
6537	5
6538	5
6539	5
6540	5
6541	5
6542	5
6543	5
6544	5
6545	5
6546	5
6547	5
6548	5
6549	5
6550	5
6551	5
6552	5
6553	5
6554	5
6555	5
6556	5
6557	5
6558	5
6559	5
6560	5
6561	5
6562	5
6563	6
6564	5
6565	5
6566	5
6567	5
6568	5
6569	5
6570	5
6571	5
6572	5
6573	5
6574	6
6575	6
6576	5
6577	5
6578	5
6579	5
6580	5
6581	5
6582	5
6583	5
6584	5
6585	5
6586	5
6587	5
6588	5
6589	5
6590	5
6591	5
6592	5
6593	5
6594	5
6595	5
6596	5
6597	5
6598	5
6599	5
6600	5
6601	5
6602	5
6603	5
6604	5
6605	5
6606	5
6607	5
6608	5
6609	5
6610	6
6611	6
6612	6
6613	6
6614	5
6615	5
6616	5
6617	5
6618	5
6619	5
6620	5
6621	5
6622	5
6623	5
6624	5
6625	5
6626	5
6627	5
6628	5
6629	5
6630	5
6631	5
6632	5
6633	5
6634	5
6635	5
6636	5
6637	5
6638	5
6639	5
6640	5
6641	5
6642	6
6643	6
6644	5
6645	5
6646	5
6647	6
6648	7
6649	7
6650	7
6651	6
6652	6
6653	6
6654	6
6655	6
6656	6
6657	6
6658	6
6659	6
6660	5
6661	5
6662	5
6663	5
6664	5
6665	5
6666	5
6667	5
6668	5
6669	5
6670	5
6671	5
6672	5
6673	5
6674	5
6675	5
6676	5
6677	5
6678	5
6679	5
6680	5
6681	5
6682	5
6683	5
6684	5
6685	5
6686	5
6687	5
6688	5
6689	5
6690	5
6691	5
6692	5
6693	6
6694	5
6695	5
6696	5
6697	5
6698	5
6699	5
6700	5
6701	5
6702	5
6703	5
6704	5
6705	5
6706	5
6707	5
6708	5
6709	5
6710	5
6711	5
6712	5
6713	5
6714	5
6715	5
6716	5
6717	6
6718	5
6719	5
6720	5
6721	5
6722	5
6723	5
6724	5
6725	5
6726	5
6727	5
6728	5
6729	5
6730	5
6731	5
6732	5
6733	5
6734	5
6735	5
6736	5
6737	5
6738	5
6739	5
6740	5
6741	5
6742	5
6743	5
6744	5
6745	5
6746	5
6747	5
6748	5
6749	6
6750	5
6751	5
6752	5
6753	5
6754	5
6755	5
6756	5
6757	5
6758	5
6759	5
6760	6
6761	5
6762	5
6763	5
6764	5
6765	5
6766	5
6767	5
6768	5
6769	5
6770	5
6771	5
6772	5
6773	5
6774	5
6775	5
6776	5
6777	5
6778	5
6779	5
6780	5
6781	5
6782	5
6783	5
6784	5
6785	5
6786	5
6787	5
6788	5
6789	5
6790	5
6791	5
6792	5
6793	5
6794	5
6795	5
6796	5
6797	5
6798	5
6799	5
6800	5
6801	5
6802	5
6803	5
6804	5
6805	5
6806	5
6807	5
6808	5
6809	5
6810	5
6811	5
6812	5
6813	5
6814	5
6815	5
6816	5
6817	5
6818	5
6819	5
6820	5
6821	5
6822	5
6823	5
6824	5
6825	5
6826	5
6827	5
6828	5
6829	5
6830	5
6831	5
6832	5
6833	5
6834	5
6835	5
6836	5
6837	5
6838	5
6839	5
6840	5
6841	5
6842	5
6843	5
6844	5
6845	5
6846	5
6847	5
6848	5
6849	5
6850	5
6851	5
6852	5
6853	5
6854	5
6855	5
6856	5
6857	5
6858	5
6859	6
6860	6
6861	6
6862	6
6863	6
6864	5
6865	5
6866	5
6867	5
6868	5
6869	5
6870	5
6871	5
6872	5
6873	5
6874	5
6875	5
6876	5
6877	5
6878	5
6879	5
6880	5
6881	5
6882	5
6883	5
6884	5
6885	5
6886	5
6887	5
6888	5
6889	5
6890	5
6891	5
6892	5
6893	5
6894	5
6895	5
6896	5
6897	5
6898	5
6899	5
6900	5
6901	5
6902	5
6903	5
6904	5
6905	5
6906	5
6907	5
6908	5
6909	5
6910	5
6911	5
6912	6
6913	6
6914	6
6915	6
6916	5
6917	5
6918	5
6919	5
6920	5
6921	5
6922	5
6923	5
6924	5
6925	5
6926	5
6927	5
6928	5
6929	6
6930	5
6931	5
6932	5
6933	5
6934	5
6935	5
6936	5
6937	5
6938	5
6939	5
6940	5
6941	5
6942	5
6943	6
6944	5
6945	5
6946	5
6947	5
6948	5
6949	5
6950	5
6951	5
6952	5
6953	5
6954	5
6955	6
6956	5
6957	5
6958	5
6959	5
6960	5
6961	5
6962	5
6963	5
6964	5
6965	5
6966	5
6967	5
6968	5
6969	5
6970	5
6971	5
6972	5
6973	5
6974	5
6975	5
6976	5
6977	5
6978	5
6979	5
6980	5
6981	5
6982	5
6983	5
6984	5
6985	5
6986	5
6987	6
6988	5
6989	5
6990	5
6991	5
6992	5
6993	5
6994	5
6995	5
6996	5
6997	5
6998	5
6999	5
7000	5
7001	5
7002	5
7003	5
7004	5
7005	5
7006	5
7007	5
7008	5
7009	5
7010	5
7011	5
7012	5
7013	5
7014	5
7015	5
7016	5
7017	5
7018	5
7019	5
7020	5
7021	5
7022	5
7023	5
7024	5
7025	5
7026	5
7027	5
7028	5
7029	5
7030	5
7031	5
7032	5
7033	5
7034	5
7035	5
7036	5
7037	5
7038	5
7039	5
7040	5
7041	5
7042	5
7043	5
7044	5
7045	5
7046	5
7047	5
7048	5
7049	5
7050	5
7051	5
7052	5
7053	5
7054	5
7055	5
7056	5
7057	6
7058	6
7059	6
7060	5
7061	5
7062	5
7063	5
7064	5
7065	5
7066	5
7067	5
7068	5
7069	5
7070	5
7071	5
7072	5
7073	5
7074	6
7075	5
7076	5
7077	5
7078	5
7079	5
7080	5
7081	5
7082	5
7083	5
7084	5
7085	5
7086	5
7087	5
7088	5
7089	5
7090	5
7091	5
7092	5
7093	5
7094	5
7095	5
7096	5
7097	5
7098	5
7099	5
7100	5
7101	5
7102	5
7103	5
7104	5
7105	5
7106	5
7107	5
7108	5
7109	5
7110	5
7111	5
7112	5
7113	5
7114	5
7115	5
7116	5
7117	5
7118	5
7119	5
7120	5
7121	5
7122	5
7123	5
7124	5
7125	5
7126	5
7127	5
7128	5
7129	5
7130	5
7131	5
7132	5
7133	5
7134	5
7135	5
7136	5
7137	5
7138	5
7139	5
7140	5
7141	5
7142	5
7143	6
7144	5
7145	5
7146	5
7147	5
7148	5
7149	5
7150	5
7151	5
7152	5
7153	5
7154	5
7155	5
7156	5
7157	5
7158	5
7159	5
7160	6
7161	6
7162	5
7163	5
7164	5
7165	5
7166	5
7167	5
7168	5
7169	5
7170	5
7171	5
7172	5
7173	5
7174	5
7175	5
7176	5
7177	5
7178	6
7179	6
7180	5
7181	5
7182	5
7183	5
7184	5
7185	5
7186	5
7187	5
7188	5
7189	5
7190	5
7191	5
7192	5
7193	5
7194	5
7195	5
7196	5
7197	5
7198	5
7199	7
7200	7
7201	7
7202	7
7203	6
7204	6
7205	6
7206	6
7207	6
7208	6
7209	6
7210	6
7211	6
7212	6
7213	6
7214	6
7215	6
7216	6
7217	6
7218	6
7219	6
7220	6
7221	6
7222	6
7223	6
7224	6
7225	6
7226	6
7227	6
7228	6
7229	6
7230	6
7231	6
7232	6
7233	6
7234	6
7235	6
7236	5
7237	5
7238	5
7239	5
7240	5
7241	5
7242	5
7243	5
7244	5
7245	5
7246	5
7247	5
7248	5
7249	5
7250	5
7251	5
7252	5
7253	5
7254	5
7255	5
7256	5
7257	5
7258	5
7259	5
7260	5
7261	5
7262	5
7263	5
7264	5
7265	5
7266	5
7267	5
7268	5
7269	5
7270	5
7271	5
7272	5
7273	5
7274	5
7275	5
7276	5
7277	5
7278	5
7279	5
7280	5
7281	5
7282	5
7283	5
7284	5
7285	5
7286	5
7287	5
7288	5
7289	5
7290	5
7291	5
7292	5
7293	5
7294	5
7295	5
7296	5
7297	5
7298	5
7299	5
7300	5
7301	5
7302	5
7303	5
7304	5
7305	5
7306	5
7307	5
7308	5
7309	5
7310	5
7311	5
7312	5
7313	5
7314	5
7315	5
7316	5
7317	5
7318	5
7319	5
7320	5
7321	5
7322	5
7323	5
7324	5
7325	5
7326	5
7327	5
7328	5
7329	5
7330	5
7331	5
7332	5
7333	5
7334	5
7335	5
7336	5
7337	5
7338	5
7339	5
7340	5
7341	5
7342	5
7343	5
7344	5
7345	5
7346	5
7347	5
7348	5
7349	5
7350	5
7351	5
7352	5
7353	5
7354	5
7355	5
7356	5
7357	5
7358	5
7359	5
7360	5
7361	5
7362	5
7363	6
7364	6
7365	6
7366	6
7367	6
7368	6
7369	6
7370	6
7371	6
7372	6
7373	6
7374	6
7375	6
7376	6
7377	5
7378	5
7379	5
7380	5
7381	5
7382	5
7383	5
7384	5
7385	5
7386	5
7387	5
7388	5
7389	5
7390	5
7391	5
7392	5
7393	5
7394	5
7395	5
7396	5
7397	5
7398	5
7399	5
7400	5
7401	5
7402	5
7403	5
7404	5
7405	5
7406	5
7407	5
7408	5
7409	5
7410	5
7411	5
7412	5
7413	5
7414	5
7415	5
7416	5
7417	5
7418	5
7419	5
7420	5
7421	5
7422	5
7423	5
7424	5
7425	5
7426	5
7427	5
7428	5
7429	5
7430	5
7431	5
7432	5
7433	5
7434	5
7435	5
7436	5
7437	5
7438	5
7439	5
7440	5
7441	5
7442	5
7443	5
7444	5
7445	5
7446	5
7447	5
7448	6
7449	6
7450	6
7451	6
7452	5
7453	5
7454	5
7455	5
7456	5
7457	5
7458	5
7459	5
7460	5
7461	5
7462	5
7463	5
7464	5
7465	5
7466	5
7467	5
7468	5
7469	5
7470	5
7471	6
7472	6
7473	6
7474	6
7475	5
7476	5
7477	5
7478	5
7479	5
7480	5
7481	5
7482	5
7483	5
7484	5
7485	5
7486	5
7487	5
7488	5
7489	6
7490	6
7491	6
7492	6
7493	6
7494	5
7495	5
7496	5
7497	5
7498	5
7499	5
7500	5
7501	5
7502	5
7503	5
7504	5
7505	5
7506	5
7507	5
7508	5
7509	5
7510	5
7511	5
7512	5
7513	5
7514	5
7515	5
7516	5
7517	5
7518	5
7519	5
7520	5
7521	5
7522	5
7523	5
7524	5
7525	5
7526	5
7527	5
7528	5
7529	5
7530	5
7531	5
7532	5
7533	5
7534	5
7535	5
7536	5
7537	5
7538	5
7539	5
7540	5
7541	5
7542	5
7543	6
7544	6
7545	6
7546	5
7547	5
7548	5
7549	5
7550	5
7551	5
7552	5
7553	5
7554	5
7555	5
7556	5
7557	5
7558	5
7559	5
7560	5
7561	5
7562	5
7563	6
7564	5
7565	5
7566	5
7567	5
7568	5
7569	5
7570	5
7571	5
7572	5
7573	5
7574	5
7575	5
7576	5
7577	5
7578	5
7579	5
7580	5
7581	5
7582	5
7583	5
7584	5
7585	5
7586	5
7587	5
7588	5
7589	5
7590	5
7591	5
7592	5
7593	5
7594	5
7595	5
7596	5
7597	5
7598	5
7599	5
7600	5
7601	5
7602	5
7603	5
7604	5
7605	5
7606	5
7607	5
7608	5
7609	5
7610	5
7611	5
7612	5
7613	5
7614	5
7615	5
7616	5
7617	5
7618	5
7619	5
7620	5
7621	5
7622	5
7623	5
7624	5
7625	5
7626	5
7627	5
7628	5
7629	5
7630	5
7631	5
7632	5
7633	5
7634	5
7635	5
7636	5
7637	5
7638	5
7639	5
7640	5
7641	5
7642	5
7643	5
7644	5
7645	5
7646	5
7647	5
7648	5
7649	5
7650	5
7651	5
7652	5
7653	5
7654	5
7655	5
7656	5
7657	5
7658	5
7659	5
7660	5
7661	5
7662	5
7663	5
7664	5
7665	5
7666	6
7667	5
7668	5
7669	5
7670	5
7671	5
7672	5
7673	5
7674	5
7675	5
7676	5
7677	5
7678	5
7679	5
7680	5
7681	5
7682	5
7683	5
7684	5
7685	5
7686	5
7687	5
7688	5
7689	5
7690	5
7691	5
7692	5
7693	5
7694	5
7695	5
7696	5
7697	6
7698	5
7699	5
7700	5
7701	5
7702	5
7703	5
7704	5
7705	5
7706	5
7707	5
7708	5
7709	5
7710	5
7711	5
7712	5
7713	5
7714	5
7715	5
7716	5
7717	5
7718	5
7719	5
7720	5
7721	5
7722	5
7723	5
7724	5
7725	5
7726	5
7727	5
7728	5
7729	5
7730	5
7731	5
7732	5
7733	5
7734	5
7735	5
7736	5
7737	5
7738	5
7739	5
7740	5
7741	5
7742	5
7743	5
7744	5
7745	5
7746	5
7747	5
7748	5
7749	5
7750	5
7751	5
7752	5
7753	5
7754	5
7755	5
7756	5
7757	5
7758	5
7759	5
7760	5
7761	5
7762	5
7763	5
7764	5
7765	6
7766	6
7767	6
7768	5
7769	5
7770	5
7771	5
7772	5
7773	5
7774	5
7775	5
7776	5
7777	5
7778	5
7779	5
7780	5
7781	5
7782	7
7783	6
7784	5
7785	5
7786	5
7787	5
7788	5
7789	5
7790	5
7791	5
7792	5
7793	5
7794	5
7795	5
7796	5
7797	5
7798	5
7799	5
7800	5
7801	5
7802	5
7803	5
7804	5
7805	5
7806	6
7807	6
7808	5
7809	5
7810	5
7811	6
7812	6
7813	5
7814	5
7815	5
7816	5
7817	5
7818	5
7819	5
7820	5
7821	5
7822	5
7823	5
7824	5
7825	5
7826	5
7827	5
7828	5
7829	6
7830	6
7831	6
7832	6
7833	6
7834	6
7835	6
7836	6
7837	6
7838	6
7839	6
7840	6
7841	6
7842	6
7843	6
7844	6
7845	6
7846	6
7847	6
7848	6
7849	6
7850	6
7851	6
7852	6
7853	6
7854	6
7855	5
7856	5
7857	5
7858	5
7859	5
7860	5
7861	5
7862	5
7863	5
7864	5
7865	5
7866	5
7867	5
7868	5
7869	5
7870	5
7871	5
7872	5
7873	5
7874	5
7875	5
7876	5
7877	5
7878	5
7879	5
7880	5
7881	5
7882	5
7883	5
7884	5
7885	5
7886	5
7887	5
7888	5
7889	5
7890	5
7891	5
7892	5
7893	5
7894	5
7895	5
7896	5
7897	5
7898	5
7899	5
7900	5
7901	5
7902	5
7903	5
7904	5
7905	5
7906	5
7907	5
7908	5
7909	5
7910	5
7911	5
7912	5
7913	5
7914	5
7915	5
7916	5
7917	5
7918	5
7919	5
7920	5
7921	5
7922	5
7923	5
7924	5
7925	5
7926	5
7927	5
7928	5
7929	5
7930	5
7931	5
7932	5
7933	5
7934	5
7935	5
7936	5
7937	5
7938	5
7939	5
7940	5
7941	5
7942	5
7943	5
7944	5
7945	5
7946	5
7947	5
7948	5
7949	5
7950	5
7951	5
7952	5
7953	5
7954	5
7955	5
7956	5
7957	5
7958	5
7959	5
7960	5
7961	5
7962	6
7963	6
7964	6
7965	5
7966	5
7967	5
7968	6
7969	6
7970	6
7971	5
7972	5
7973	5
7974	5
7975	5
7976	5
7977	5
7978	5
7979	5
7980	5
7981	5
7982	5
7983	5
7984	5
7985	5
7986	6
7987	6
7988	5
7989	5
7990	5
7991	5
7992	5
7993	5
7994	5
7995	5
7996	5
7997	5
7998	6
7999	6
8000	5
8001	5
8002	5
8003	5
8004	5
8005	5
8006	5
8007	5
8008	5
8009	5
8010	5
8011	5
8012	5
8013	5
8014	5
8015	5
8016	5
8017	5
8018	5
8019	5
8020	5
8021	5
8022	5
8023	5
8024	5
8025	5
8026	5
8027	5
8028	5
8029	5
8030	5
8031	5
8032	5
8033	5
8034	5
8035	5
8036	5
8037	5
8038	5
8039	5
8040	6
8041	6
8042	6
8043	6
8044	6
8045	6
8046	6
8047	6
8048	6
8049	6
8050	6
8051	6
8052	7
8053	7
8054	6
8055	6
8056	6
8057	6
8058	5
8059	5
8060	5
8061	5
8062	5
8063	5
8064	5
8065	5
8066	5
8067	5
8068	5
8069	5
8070	5
8071	5
8072	5
8073	5
8074	5
8075	5
8076	5
8077	5
8078	5
8079	5
8080	5
8081	5
8082	5
8083	5
8084	5
8085	5
8086	5
8087	5
8088	5
8089	5
8090	5
8091	5
8092	5
8093	5
8094	5
8095	5
8096	5
8097	5
8098	5
8099	5
8100	5
8101	5
8102	5
8103	5
8104	5
8105	5
8106	5
8107	5
8108	5
8109	5
8110	5
8111	5
8112	6
8113	6
8114	6
8115	6
8116	5
8117	5
8118	5
8119	5
8120	5
8121	5
8122	5
8123	5
8124	5
8125	5
8126	5
8127	5
8128	5
8129	5
8130	6
8131	6
8132	6
8133	6
8134	6
8135	6
8136	6
8137	6
8138	6
8139	6
8140	6
8141	6
8142	6
8143	6
8144	5
8145	5
8146	5
8147	5
8148	5
8149	5
8150	5
8151	5
8152	5
8153	5
8154	5
8155	5
8156	5
8157	5
8158	5
8159	6
8160	5
8161	5
8162	5
8163	5
8164	5
8165	5
8166	5
8167	5
8168	5
8169	5
8170	5
8171	5
8172	5
8173	5
8174	5
8175	5
8176	5
8177	5
8178	5
8179	5
8180	5
8181	5
8182	5
8183	5
8184	5
8185	5
8186	5
8187	5
8188	5
8189	5
8190	5
8191	5
8192	5
8193	5
8194	5
8195	5
8196	5
8197	5
8198	5
8199	5
8200	5
8201	5
8202	5
8203	5
8204	5
8205	5
8206	5
8207	5
8208	5
8209	5
8210	5
8211	5
8212	5
8213	5
8214	5
8215	5
8216	5
8217	5
8218	6
8219	6
8220	5
8221	5
8222	5
8223	5
8224	6
8225	6
8226	6
8227	6
8228	6
8229	6
8230	6
8231	6
8232	6
8233	6
8234	6
8235	6
8236	6
8237	6
8238	6
8239	6
8240	6
8241	6
8242	6
8243	7
8244	7
8245	7
8246	7
8247	7
8248	6
8249	6
8250	6
8251	6
8252	6
8253	6
8254	5
8255	5
8256	5
8257	5
8258	5
8259	5
8260	5
8261	5
8262	5
8263	5
8264	5
8265	5
8266	5
8267	5
8268	5
8269	5
8270	5
8271	5
8272	5
8273	5
8274	5
8275	5
8276	5
8277	5
8278	5
8279	5
8280	5
8281	5
8282	5
8283	5
8284	5
8285	5
8286	5
8287	5
8288	5
8289	6
8290	6
8291	5
8292	5
8293	5
8294	5
8295	5
8296	5
8297	5
8298	5
8299	5
8300	5
8301	5
8302	5
8303	5
8304	5
8305	5
8306	5
8307	5
8308	5
8309	5
8310	5
8311	5
8312	5
8313	5
8314	5
8315	6
8316	6
8317	6
8318	6
8319	6
8320	6
8321	6
8322	6
8323	6
8324	6
8325	6
8326	5
8327	5
8328	5
8329	5
8330	5
8331	5
8332	5
8333	5
8334	5
8335	5
8336	5
8337	5
8338	5
8339	5
8340	5
8341	5
8342	5
8343	5
8344	5
8345	5
8346	5
8347	5
8348	5
8349	5
8350	5
8351	5
8352	5
8353	5
8354	5
8355	5
8356	5
8357	5
8358	5
8359	5
8360	6
8361	6
8362	6
8363	6
8364	5
8365	5
8366	5
8367	5
8368	5
8369	5
8370	5
8371	5
8372	5
8373	5
8374	5
8375	5
8376	5
8377	5
8378	5
8379	5
8380	5
8381	5
8382	5
8383	5
8384	5
8385	5
8386	5
8387	5
8388	5
8389	5
8390	5
8391	5
8392	5
8393	5
8394	5
8395	5
8396	5
8397	5
8398	5
8399	5
8400	5
8401	5
8402	5
8403	5
8404	5
8405	5
8406	5
8407	5
8408	5
8409	5
8410	5
8411	5
8412	5
8413	5
8414	5
8415	5
8416	5
8417	5
8418	5
8419	5
8420	5
8421	5
8422	5
8423	5
8424	5
8425	5
8426	6
8427	6
8428	5
8429	5
8430	5
8431	6
8432	6
8433	6
8434	6
8435	7
8436	6
8437	5
8438	5
8439	5
8440	5
8441	5
8442	5
8443	5
8444	5
8445	5
8446	5
8447	5
8448	5
8449	5
8450	5
8451	5
8452	5
8453	5
8454	5
8455	5
8456	5
8457	5
8458	6
8459	5
8460	5
8461	5
8462	5
8463	5
8464	5
8465	5
8466	5
8467	5
8468	5
8469	5
8470	5
8471	5
8472	5
8473	5
8474	5
8475	5
8476	5
8477	5
8478	5
8479	5
8480	5
8481	5
8482	5
8483	5
8484	5
8485	5
8486	5
8487	5
8488	5
8489	5
8490	5
8491	5
8492	5
8493	6
8494	5
8495	5
8496	5
8497	5
8498	5
8499	5
8500	5
8501	5
8502	5
8503	5
8504	5
8505	5
8506	5
8507	5
8508	5
8509	5
8510	5
8511	5
8512	5
8513	5
8514	5
8515	5
8516	5
8517	5
8518	5
8519	5
8520	5
8521	5
8522	5
8523	5
8524	5
8525	5
8526	5
8527	5
8528	5
8529	5
8530	5
8531	5
8532	5
8533	5
8534	5
8535	5
8536	5
8537	5
8538	5
8539	5
8540	5
8541	5
8542	5
8543	5
8544	5
8545	5
8546	5
8547	5
8548	5
8549	5
8550	5
8551	5
8552	5
8553	5
8554	5
8555	5
8556	5
8557	5
8558	5
8559	5
8560	5
8561	5
8562	5
8563	5
8564	5
8565	5
8566	5
8567	5
8568	5
8569	5
8570	5
8571	5
8572	5
8573	5
8574	5
8575	5
8576	5
8577	5
8578	5
8579	5
8580	5
8581	5
8582	5
8583	6
8584	5
8585	5
8586	5
8587	5
8588	5
8589	5
8590	5
8591	5
8592	5
8593	5
8594	5
8595	5
8596	5
8597	5
8598	5
8599	5
8600	5
8601	5
8602	5
8603	5
8604	5
8605	5
8606	5
8607	5
8608	5
8609	5
8610	5
8611	5
8612	5
8613	5
8614	5
8615	5
8616	5
8617	5
8618	5
8619	5
8620	5
8621	5
8622	5
8623	5
8624	5
8625	5
8626	5
8627	5
8628	5
8629	5
8630	5
8631	5
8632	5
8633	5
8634	5
8635	5
8636	5
8637	5
8638	5
8639	5
8640	5
8641	5
8642	5
8643	6
8644	5
8645	5
8646	5
8647	5
8648	5
8649	5
8650	5
8651	5
8652	5
8653	5
8654	5
8655	5
8656	5
8657	5
8658	5
8659	5
8660	5
8661	5
8662	5
8663	5
8664	5
8665	5
8666	5
8667	5
8668	5
8669	5
8670	5
8671	5
8672	5
8673	5
8674	5
8675	5
8676	5
8677	5
8678	5
8679	5
8680	6
8681	6
8682	6
8683	5
8684	6
8685	6
8686	6
8687	6
8688	6
8689	6
8690	6
8691	6
8692	6
8693	6
8694	6
8695	6
8696	6
8697	7
8698	7
8699	6
8700	5
8701	5
8702	5
8703	5
8704	5
8705	5
8706	5
8707	5
8708	5
8709	5
8710	5
8711	5
8712	6
8713	5
8714	5
8715	5
8716	5
8717	5
8718	5
8719	5
8720	5
8721	5
8722	5
8723	5
8724	5
8725	5
8726	5
8727	5
8728	5
8729	5
8730	5
8731	5
8732	5
8733	6
8734	5
8735	5
8736	5
8737	5
8738	5
8739	5
8740	5
8741	5
8742	5
8743	5
8744	5
8745	5
8746	5
8747	5
8748	5
8749	5
8750	5
8751	5
8752	6
8753	6
8754	6
8755	6
8756	6
8757	6
8758	6
8759	6
8760	6
8761	6
8762	6
8763	6
8764	6
8765	6
8766	6
8767	6
8768	5
8769	5
8770	5
8771	5
8772	5
8773	5
8774	5
8775	5
8776	5
8777	5
8778	5
8779	5
8780	5
8781	5
8782	5
8783	5
8784	5
8785	5
8786	5
8787	5
8788	5
8789	5
8790	5
8791	5
8792	5
8793	5
8794	5
8795	5
8796	5
8797	5
8798	5
8799	5
8800	5
8801	5
8802	5
8803	6
8804	5
8805	5
8806	5
8807	5
8808	5
8809	6
8810	5
8811	5
8812	5
8813	5
8814	5
8815	5
8816	5
8817	5
8818	5
8819	5
8820	5
8821	5
8822	5
8823	5
8824	5
8825	5
8826	5
8827	5
8828	5
8829	5
8830	5
8831	5
8832	5
8833	5
8834	5
8835	5
8836	5
8837	5
8838	5
8839	5
8840	5
8841	5
8842	5
8843	5
8844	5
8845	5
8846	5
8847	5
8848	5
8849	5
8850	5
8851	5
8852	5
8853	5
8854	5
8855	5
8856	5
8857	5
8858	5
8859	5
8860	5
8861	5
8862	5
8863	5
8864	5
8865	5
8866	5
8867	5
8868	5
8869	6
8870	6
8871	6
8872	5
8873	5
8874	5
8875	5
8876	5
8877	5
8878	5
8879	5
8880	5
8881	5
8882	5
8883	5
8884	5
8885	5
8886	5
8887	5
8888	5
8889	5
8890	5
8891	5
8892	5
8893	5
8894	6
8895	6
8896	6
8897	6
8898	6
8899	5
8900	5
8901	5
8902	5
8903	5
8904	5
8905	5
8906	5
8907	5
8908	5
8909	5
8910	5
8911	5
8912	5
8913	5
8914	5
8915	5
8916	5
8917	5
8918	5
8919	5
8920	5
8921	5
8922	5
8923	5
8924	5
8925	5
8926	6
8927	6
8928	6
8929	6
8930	6
8931	6
8932	7
8933	6
8934	6
8935	7
8936	7
8937	7
8938	7
8939	7
8940	7
8941	8
8942	8
8943	8
8944	7
8945	8
8946	7
8947	6
8948	6
8949	6
8950	5
8951	5
8952	5
8953	5
8954	5
8955	5
8956	5
8957	5
8958	5
8959	5
8960	5
8961	5
8962	5
8963	5
8964	5
8965	5
8966	6
8967	6
8968	6
8969	6
8970	6
8971	6
8972	6
8973	6
8974	5
8975	5
8976	5
8977	5
8978	5
8979	5
8980	5
8981	5
8982	5
8983	5
8984	5
8985	5
8986	5
8987	5
8988	5
8989	5
8990	5
8991	6
8992	6
8993	6
8994	6
8995	6
8996	6
8997	6
8998	6
8999	6
9000	6
9001	6
9002	6
9003	6
9004	6
9005	6
9006	6
9007	6
9008	6
9009	6
9010	6
9011	6
9012	6
9013	6
9014	6
9015	6
9016	6
9017	6
9018	6
9019	6
9020	6
9021	6
9022	6
9023	6
9024	6
9025	6
9026	6
9027	6
9028	6
9029	6
9030	6
9031	6
9032	6
9033	6
9034	6
9035	6
9036	6
9037	6
9038	5
9039	5
9040	5
9041	5
9042	5
9043	5
9044	5
9045	5
9046	5
9047	5
9048	5
9049	5
9050	5
9051	5
9052	5
9053	6
9054	6
9055	6
9056	5
9057	5
9058	5
9059	5
9060	5
9061	5
9062	5
9063	5
9064	5
9065	5
9066	5
9067	5
9068	5
9069	5
9070	5
9071	5
9072	5
9073	5
9074	5
9075	5
9076	5
9077	5
9078	5
9079	5
9080	5
9081	5
9082	6
9083	6
9084	6
9085	6
9086	6
9087	5
9088	5
9089	5
9090	5
9091	5
9092	5
9093	5
9094	5
9095	5
9096	5
9097	5
9098	5
9099	5
9100	5
9101	5
9102	5
9103	5
9104	5
9105	5
9106	5
9107	5
9108	5
9109	5
9110	5
9111	5
9112	5
9113	5
9114	5
9115	5
9116	5
9117	5
9118	5
9119	5
9120	5
9121	5
9122	5
9123	5
9124	5
9125	5
9126	6
9127	5
9128	5
9129	5
9130	5
9131	5
9132	5
9133	5
9134	5
9135	5
9136	5
9137	5
9138	5
9139	5
9140	5
9141	5
9142	5
9143	6
9144	6
9145	6
9146	6
9147	5
9148	5
9149	5
9150	5
9151	5
9152	5
9153	5
9154	5
9155	5
9156	6
9157	6
9158	6
9159	6
9160	6
9161	6
9162	6
9163	6
9164	5
9165	5
9166	5
9167	5
9168	5
9169	5
9170	5
9171	5
9172	5
9173	5
9174	5
9175	5
9176	5
9177	5
9178	5
9179	5
9180	5
9181	5
9182	5
9183	5
9184	5
9185	5
9186	5
9187	5
9188	5
9189	5
9190	5
9191	5
9192	6
9193	5
9194	5
9195	5
9196	5
9197	5
9198	5
9199	5
9200	5
9201	5
9202	5
9203	5
9204	5
9205	5
9206	6
9207	6
9208	6
9209	6
9210	6
9211	6
9212	6
9213	5
9214	5
9215	5
9216	5
9217	5
9218	5
9219	5
9220	5
9221	5
9222	5
9223	5
9224	5
9225	5
9226	5
9227	5
9228	5
9229	5
9230	5
9231	5
9232	5
9233	5
9234	5
9235	5
9236	5
9237	6
9238	5
9239	5
9240	5
9241	5
9242	5
9243	5
9244	6
9245	5
9246	5
9247	5
9248	5
9249	5
9250	5
9251	5
9252	5
9253	5
9254	5
9255	5
9256	5
9257	5
9258	5
9259	5
9260	5
9261	6
9262	5
9263	5
9264	5
9265	5
9266	5
9267	5
9268	5
9269	5
9270	5
9271	5
9272	5
9273	5
9274	5
9275	6
9276	6
9277	6
9278	6
9279	6
9280	6
9281	6
9282	6
9283	5
9284	5
9285	5
9286	5
9287	5
9288	5
9289	5
9290	5
9291	5
9292	6
9293	7
9294	7
9295	6
9296	5
9297	5
9298	5
9299	5
9300	5
9301	5
9302	5
9303	5
9304	5
9305	5
9306	5
9307	5
9308	5
9309	5
9310	5
9311	6
9312	5
9313	5
9314	5
9315	5
9316	5
9317	5
9318	5
9319	5
9320	5
9321	5
9322	5
9323	5
9324	5
9325	5
9326	5
9327	5
9328	5
9329	5
9330	5
9331	5
9332	5
9333	5
9334	5
9335	5
9336	5
9337	5
9338	5
9339	5
9340	5
9341	5
9342	5
9343	5
9344	6
9345	5
9346	5
9347	5
9348	5
9349	5
9350	5
9351	5
9352	5
9353	5
9354	5
9355	5
9356	5
9357	5
9358	5
9359	5
9360	5
9361	5
9362	5
9363	5
9364	5
9365	5
9366	5
9367	5
9368	5
9369	5
9370	5
9371	5
9372	5
9373	5
9374	5
9375	5
9376	5
9377	5
9378	5
9379	5
9380	5
9381	5
9382	5
9383	5
9384	5
9385	5
9386	5
9387	5
9388	5
9389	5
9390	5
9391	5
9392	5
9393	5
9394	5
9395	6
9396	6
9397	6
9398	5
9399	5
9400	5
9401	5
9402	5
9403	5
9404	5
9405	5
9406	5
9407	5
9408	5
9409	5
9410	5
9411	5
9412	5
9413	5
9414	5
9415	5
9416	5
9417	5
9418	5
9419	5
9420	5
9421	5
9422	5
9423	5
9424	5
9425	5
9426	5
9427	5
9428	5
9429	5
9430	5
9431	5
9432	5
9433	6
9434	6
9435	6
9436	6
9437	5
9438	5
9439	5
9440	5
9441	5
9442	5
9443	5
9444	5
9445	5
9446	5
9447	5
9448	5
9449	5
9450	5
9451	5
9452	5
9453	5
9454	5
9455	5
9456	5
9457	5
9458	5
9459	5
9460	5
9461	5
9462	5
9463	5
9464	5
9465	5
9466	5
9467	5
9468	5
9469	5
9470	5
9471	5
9472	5
9473	5
9474	5
9475	5
9476	5
9477	5
9478	5
9479	5
9480	5
9481	5
9482	5
9483	5
9484	5
9485	5
9486	5
9487	5
9488	5
9489	5
9490	5
9491	5
9492	5
9493	5
9494	5
9495	5
9496	5
9497	5
9498	6
9499	6
9500	6
9501	6
9502	6
9503	6
9504	6
9505	6
9506	6
9507	6
9508	6
9509	6
9510	6
9511	6
9512	5
9513	5
9514	5
9515	5
9516	5
9517	5
9518	5
9519	5
9520	5
9521	5
9522	5
9523	5
9524	5
9525	5
9526	5
9527	5
9528	5
9529	5
9530	5
9531	5
9532	5
9533	5
9534	5
9535	5
9536	5
9537	5
9538	5
9539	5
9540	5
9541	5
9542	5
9543	5
9544	5
9545	5
9546	5
9547	5
9548	5
9549	5
9550	5
9551	5
9552	5
9553	5
9554	5
9555	5
9556	5
9557	5
9558	5
9559	5
9560	5
9561	5
9562	5
9563	5
9564	5
9565	5
9566	5
9567	5
9568	5
9569	5
9570	5
9571	5
9572	5
9573	5
9574	5
9575	5
9576	5
9577	5
9578	5
9579	5
9580	5
9581	5
9582	5
9583	5
9584	5
9585	5
9586	5
9587	5
9588	5
9589	5
9590	5
9591	5
9592	5
9593	5
9594	5
9595	5
9596	5
9597	5
9598	5
9599	5
9600	5
9601	5
9602	5
9603	5
9604	5
9605	5
9606	5
9607	5
9608	5
9609	5
9610	5
9611	5
9612	5
9613	5
9614	5
9615	5
9616	6
9617	6
9618	6
9619	5
9620	5
9621	5
9622	5
9623	5
9624	5
9625	5
9626	5
9627	5
9628	5
9629	5
9630	5
9631	5
9632	5
9633	5
9634	5
9635	5
9636	5
9637	5
9638	5
9639	6
9640	5
9641	5
9642	5
9643	5
9644	5
9645	5
9646	5
9647	5
9648	5
9649	5
9650	5
9651	5
9652	5
9653	5
9654	5
9655	5
9656	5
9657	5
9658	5
9659	5
9660	5
9661	5
9662	5
9663	5
9664	5
9665	5
9666	5
9667	5
9668	5
9669	5
9670	5
9671	5
9672	6
9673	5
9674	5
9675	5
9676	5
9677	5
9678	5
9679	5
9680	5
9681	5
9682	5
9683	5
9684	5
9685	5
9686	5
9687	5
9688	5
9689	5
9690	5
9691	5
9692	5
9693	5
9694	5
9695	5
9696	5
9697	5
9698	5
9699	5
9700	5
9701	5
9702	5
9703	5
9704	5
9705	5
9706	5
9707	5
9708	5
9709	5
9710	5
9711	5
9712	5
9713	5
9714	5
9715	5
9716	5
9717	5
9718	5
9719	5
9720	5
9721	5
9722	5
9723	5
9724	5
9725	5
9726	5
9727	5
9728	5
9729	5
9730	5
9731	5
9732	5
9733	5
9734	5
9735	5
9736	5
9737	5
9738	5
9739	5
9740	5
9741	5
9742	5
9743	5
9744	5
9745	5
9746	5
9747	5
9748	5
9749	5
9750	5
9751	5
9752	5
9753	5
9754	5
9755	5
9756	5
9757	5
9758	5
9759	6
9760	6
9761	6
9762	6
9763	6
9764	5
9765	5
9766	5
9767	5
9768	5
9769	5
9770	5
9771	5
9772	5
9773	5
9774	5
9775	5
9776	5
9777	5
9778	5
9779	5
9780	5
9781	5
9782	5
9783	5
9784	5
9785	5
9786	5
9787	5
9788	5
9789	5
9790	5
9791	5
9792	5
9793	5
9794	5
9795	5
9796	5
9797	5
9798	5
9799	5
9800	5
9801	5
9802	5
9803	5
9804	5
9805	5
9806	5
9807	5
9808	5
9809	5
9810	5
9811	6
9812	6
9813	5
9814	5
9815	5
9816	5
9817	5
9818	5
9819	5
9820	5
9821	5
9822	5
9823	5
9824	5
9825	5
9826	5
9827	5
9828	5
9829	5
9830	5
9831	5
9832	5
9833	5
9834	6
9835	5
9836	5
9837	5
9838	5
9839	5
9840	5
9841	5
9842	5
9843	5
9844	5
9845	5
9846	5
9847	5
9848	5
9849	5
9850	5
9851	5
9852	5
9853	5
9854	5
9855	5
9856	5
9857	5
9858	5
9859	5
9860	5
9861	5
9862	5
9863	5
9864	5
9865	5
9866	5
9867	5
9868	5
9869	5
9870	5
9871	5
9872	5
9873	5
9874	5
9875	5
9876	5
9877	5
9878	5
9879	5
9880	5
9881	5
9882	5
9883	5
9884	5
9885	5
9886	5
9887	5
9888	5
9889	5
9890	5
9891	5
9892	5
9893	5
9894	5
9895	5
9896	5
9897	5
9898	5
9899	5
9900	5
9901	6
9902	6
9903	6
9904	6
9905	6
9906	6
9907	6
9908	6
9909	6
9910	6
9911	6
9912	6
9913	6
9914	6
9915	6
9916	6
9917	6
9918	6
9919	6
9920	6
9921	6
9922	6
9923	6
9924	6
9925	7
9926	6
9927	6
9928	6
9929	6
9930	5
9931	5
9932	5
9933	5
9934	5
9935	5
9936	5
9937	5
9938	5
9939	5
9940	5
9941	5
9942	5
9943	5
9944	5
9945	5
9946	5
9947	5
9948	5
9949	5
9950	5
9951	5
9952	5
9953	5
9954	5
9955	5
9956	5
9957	5
9958	5
9959	5
9960	5
9961	5
9962	5
9963	5
9964	5
9965	5
9966	5
9967	5
9968	5
9969	5
9970	5
9971	5
9972	5
9973	5
9974	5
9975	5
9976	5
9977	5
9978	5
9979	6
9980	6
9981	6
9982	6
9983	6
9984	6
9985	6
9986	5
9987	5
9988	5
9989	5
9990	5
9991	5
9992	5
9993	5
9994	5
9995	5
9996	5
9997	5
9998	5
9999	5